2015
1989
1961
1944
1929
1931
1933
1943
1949
1975
1980
1995
1998
2015
2025
2034
2035
2039
2041
2035
2024
2019
2009
1997
1978
1967
1951
1939
1918
1912
1903
1901
1893
1895
1897
1899
1901
1907
1911
1913
1908
1915
1916
1917
1913
1917
1917
1915
1917
1935
1955
1983
2015
2071
2131
2191
2261
2329
2391
2447
2483
2515
2521
2519
2496
2473
2439
2391
2335
2291
2235
2184
2121
2083
2032
1993
1959
1939
1919
1912
1903
1911
1918
1939
1943
1962
1981
1996
2007
2023
2029
2035
2030
2031
2029
2022
2009
2002
1982
1972
1949
1943
1926
1919
1896
1885
1881
1875
1866
1865
1862
1861
1853
1855
1862
1863
1861
1865
1867
1865
1867
1880
1895
1928
1966
2023
2093
2165
2237
2318
2389
2456
2495
2535
2553
2553
2535
2505
2461
2409
2345
2293
2231
2170
2105
2060
2010
1967
1931
1908
1885
1881
1875
1881
1894
1903
1917
1939
1957
1975
1982
2004
2007
2019
2013
2015
2011
2003
1988
1981
1967
1957
1939
1932
1912
1911
1897
1891
1881
1875
1855
1865
1855
1855
1855
1861
1862
1863
1861
1868
1869
1871
1865
1875
1875
1887
1901
1935
1979
2039
2111
2199
2275
2365
2441
2516
2577
2613
2623
2637
2615
2588
2536
2489
2427
2365
2296
2233
2171
2115
2057
2011
1971
1945
1915
1907
1897
1897
1897
1912
1927
1946
1957
1978
1993
2008
2014
2023
2024
2022
2010
2005
1996
1977
1960
1948
1933
1917
1901
1897
1887
1881
1871
1875
1869
1865
1856
1861
1851
1852
1843
1849
1848
1847
1837
1840
1839
1837
1833
1837
1831
1839
1832
1847
1865
1891
1932
1989
2059
2138
2220
2316
2403
2479
2541
2600
2635
2644
2633
2612
2579
2527
2461
2411
2341
2277
2205
2149
2089
2035
1981
1949
1925
1901
1881
1881
1890
1887
1899
1925
1935
1954
1962
1977
1991
1993
1993
1995
1989
1980
1967
1966
1951
1931
1925
1912
1903
1893
1877
1875
1864
1865
1855
1855
1855
1853
1847
1852
1853
1861
1849
1851
1861
1852
1843
1845
1847
1845
1837
1845
1846
1847
1849
1867
1881
1915
1965
2028
2104
2187
2269
2359
2440
2509
2565
2599
2611
2604
2577
2537
2485
2423
2352
2283
2217
2148
2074
2023
1971
1931
1893
1874
1852
1845
1843
1851
1868
1880
1896
1915
1929
1947
1957
1971
1977
1982
1981
1981
1977
1976
1952
1949
1931
1917
1901
1891
1880
1867
1853
1849
1845
1839
1831
1835
1832
1831
1830
1833
1834
1833
1833
1839
1843
1847
1851
1851
1851
1855
1851
1863
1867
1873
1883
1915
1955
2008
2076
2153
2230
2319
2394
2473
2532
2579
2596
2605
2592
2556
2509
2463
2393
2328
2249
2181
2111
2043
1981
1941
1903
1882
1863
1863
1865
1879
1894
1917
1945
1965
1989
2013
2031
2045
2053
2057
2057
2042
2028
2014
2001
1981
1956
1947
1926
1907
1883
1875
1862
1848
1838
1832
1830
1831
1819
1829
1831
1833
1834
1843
1850
1855
1852
1865
1864
1866
1863
1875
1893
1915
1955
2013
2080
2159
2247
2339
2421
2501
2556
2611
2632
2635
2611
2584
2527
2463
2390
2319
2239
2163
2088
2023
1965
1912
1864
1837
1814
1802
1798
1804
1815
1835
1848
1880
1899
1918
1938
1957
1963
1974
1973
1977
1973
1965
1955
1947
1935
1925
1907
1897
1880
1869
1849
1837
1824
1816
1799
1797
1779
1779
1773
1780
1781
1789
1791
1807
1812
1819
1820
1816
1823
1826
1821
1829
1831
1848
1878
1925
1982
2059
2139
2232
2319
2407
2474
2535
2571
2587
2588
2553
2519
2463
2393
2327
2247
2167
2087
2015
1950
1895
1842
1805
1775
1757
1748
1749
1757
1770
1783
1803
1824
1843
1862
1879
1887
1899
1899
1909
1913
1909
1899
1895
1884
1881
1865
1856
1847
1836
1823
1820
1817
1810
1805
1807
1803
1805
1800
1799
1801
1803
1801
1807
1813
1816
1811
1817
1806
1805
1801
1797
1788
1783
1782
1800
1816
1847
1894
1962
2039
2133
2223
2321
2407
2477
2525
2571
2590
2583
2553
2520
2464
2407
2331
2269
2189
2117
2039
1979
1929
1880
1839
1819
1799
1797
1789
1805
1819
1839
1853
1879
1899
1917
1929
1945
1949
1955
1947
1945
1939
1927
1912
1903
1891
1877
1852
1839
1827
1818
1803
1799
1787
1783
1773
1775
1773
1771
1767
1779
1779
1785
1788
1799
1801
1802
1803
1811
1811
1811
1805
1807
1814
1827
1843
1884
1933
2007
2077
2165
2261
2347
2425
2500
2543
2580
2582
2573
2541
2495
2430
2375
2293
2219
2137
2069
1994
1933
1875
1833
1801
1773
1756
1757
1763
1775
1788
1819
1839
1869
1887
1911
1929
1941
1935
1944
1941
1931
1911
1899
1883
1870
1849
1837
1821
1812
1790
1788
1784
1775
1771
1768
1767
1768
1763
1771
1767
1769
1768
1772
1775
1775
1773
1779
1775
1779
1773
1785
1797
1815
1847
1892
1957
2031
2121
2217
2310
2403
2474
2539
2587
2599
2591
2571
2524
2469
2392
2322
2233
2155
2071
1995
1931
1875
1819
1787
1765
1755
1748
1757
1767
1785
1806
1835
1864
1893
1909
1933
1946
1955
1951
1955
1943
1933
1911
1903
1890
1875
1851
1843
1830
1817
1803
1788
1785
1784
1771
1773
1773
1769
1768
1773
1773
1780
1781
1789
1790
1799
1800
1805
1814
1821
1838
1879
1927
1991
2069
2157
2248
2344
2425
2503
2556
2597
2604
2604
2579
2525
2459
2398
2315
2237
2153
2079
2008
1944
1881
1843
1801
1775
1759
1759
1757
1765
1780
1805
1829
1852
1874
1899
1916
1929
1938
1941
1939
1934
1917
1911
1895
1877
1855
1843
1827
1807
1789
1782
1769
1765
1752
1753
1751
1749
1749
1753
1755
1763
1765
1773
1781
1787
1792
1801
1803
1805
1801
1806
1811
1824
1846
1885
1944
2020
2105
2205
2311
2407
2489
2577
2629
2659
2662
2648
2611
2555
2480
2410
2325
2239
2155
2083
2007
1943
1881
1845
1810
1784
1764
1763
1759
1772
1785
1805
1827
1849
1868
1893
1901
1913
1913
1915
1915
1909
1892
1886
1869
1855
1831
1822
1807
1797
1780
1780
1773
1771
1763
1767
1763
1765
1757
1763
1759
1765
1761
1768
1773
1776
1774
1784
1789
1797
1801
1805
1809
1813
1814
1817
1815
1815
1810
1817
1829
1843
1877
1929
1991
2085
2175
2285
2391
2488
2575
2637
2681
2701
2686
2665
2614
2547
2468
2388
2300
2215
2127
2059
1989
1928
1870
1839
1811
1797
1783
1787
1799
1809
1821
1848
1869
1893
1909
1932
1945
1951
1950
1963
1949
1941
1912
1899
1878
1862
1839
1821
1805
1787
1769
1763
1755
1749
1739
1741
1749
1747
1748
1756
1759
1765
1771
1781
1789
1797
1800
1806
1813
1815
1813
1818
1811
1806
1807
1813
1811
1803
1801
1801
1791
1791
1779
1783
1779
1774
1769
1773
1781
1804
1843
1900
1971
2067
2163
2269
2375
2469
2544
2605
2642
2655
2639
2613
2567
2503
2423
2347
2260
2175
2091
2020
1949
1884
1828
1797
1768
1751
1741
1749
1757
1776
1790
1819
1843
1866
1877
1896
1909
1915
1912
1915
1901
1901
1885
1876
1862
1845
1827
1817
1803
1790
1775
1769
1761
1757
1751
1751
1751
1748
1743
1753
1749
1763
1762
1768
1769
1771
1773
1779
1782
1787
1784
1801
1803
1805
1805
1809
1810
1811
1805
1809
1803
1802
1787
1789
1787
1789
1801
1832
1873
1940
2006
2099
2195
2287
2379
2455
2523
2569
2586
2589
2569
2531
2473
2413
2342
2265
2183
2111
2039
1973
1908
1865
1819
1788
1766
1756
1757
1767
1775
1805
1823
1851
1877
1902
1917
1932
1938
1942
1941
1935
1917
1911
1898
1880
1863
1847
1831
1817
1802
1799
1784
1778
1770
1770
1768
1765
1757
1763
1757
1759
1753
1764
1771
1774
1774
1783
1786
1797
1787
1799
1792
1797
1797
1801
1801
1797
1790
1791
1800
1789
1782
1783
1787
1803
1829
1874
1935
1997
2083
2175
2269
2356
2423
2493
2540
2571
2570
2552
2520
2473
2407
2347
2277
2204
2130
2065
1997
1943
1891
1853
1821
1804
1784
1783
1790
1803
1816
1843
1855
1886
1899
1927
1940
1949
1951
1952
1951
1944
1928
1917
1895
1883
1863
1848
1835
1821
1804
1791
1785
1775
1765
1769
1759
1763
1762
1767
1767
1771
1770
1773
1779
1781
1779
1783
1785
1789
1799
1803
1807
1815
1806
1811
1811
1805
1803
1803
1805
1817
1833
1871
1916
1983
2060
2149
2245
2329
2409
2479
2535
2575
2583
2581
2549
2510
2453
2392
2326
2253
2171
2108
2031
1977
1919
1881
1847
1821
1801
1791
1789
1803
1809
1823
1843
1864
1880
1902
1917
1931
1933
1940
1939
1931
1919
1914
1902
1892
1870
1865
1849
1837
1819
1815
1803
1789
1781
1775
1769
1771
1768
1773
1773
1779
1781
1790
1803
1811
1813
1824
1824
1831
1824
1833
1836
1831
1823
1827
1821
1819
1807
1812
1805
1812
1820
1847
1883
1941
2003
2089
2181
2271
2354
2439
2501
2543
2572
2581
2567
2533
2478
2427
2357
2291
2213
2141
2073
2005
1945
1897
1861
1821
1798
1783
1775
1775
1783
1805
1823
1849
1868
1896
1913
1931
1941
1949
1956
1951
1939
1940
1917
1908
1886
1875
1860
1843
1823
1815
1801
1798
1783
1783
1772
1773
1769
1771
1775
1775
1774
1783
1785
1789
1790
1804
1807
1815
1815
1819
1823
1828
1823
1830
1827
1829
1823
1830
1835
1855
1883
1932
1989
2069
2141
2233
2317
2397
2467
2518
2543
2568
2551
2532
2489
2441
2374
2311
2235
2163
2091
2027
1963
1913
1865
1834
1809
1791
1786
1788
1800
1815
1824
1847
1867
1890
1903
1927
1935
1945
1943
1947
1941
1937
1915
1911
1891
1880
1854
1847
1832
1823
1806
1801
1791
1785
1784
1783
1782
1780
1780
1787
1788
1791
1787
1799
1801
1805
1805
1807
1816
1819
1817
1821
1821
1822
1820
1823
1837
1852
1879
1917
1967
2035
2107
2195
2279
2357
2424
2485
2521
2537
2536
2526
2491
2447
2389
2331
2265
2197
2125
2068
2006
1957
1901
1875
1845
1830
1817
1819
1821
1831
1839
1864
1876
1895
1903
1925
1933
1941
1941
1944
1939
1933
1915
1913
1903
1890
1875
1869
1847
1835
1823
1819
1813
1805
1797
1799
1790
1787
1783
1787
1787
1789
1789
1798
1801
1803
1804
1813
1816
1819
1819
1819
1823
1823
1824
1823
1827
1827
1831
1847
1874
1911
1963
2039
2119
2206
2294
2383
2459
2521
2556
2590
2589
2575
2532
2489
2427
2367
2302
2231
2165
2101
2030
1981
1935
1895
1863
1844
1830
1829
1826
1839
1853
1869
1885
1903
1918
1933
1942
1951
1957
1961
1951
1948
1942
1930
1911
1899
1886
1873
1851
1845
1829
1821
1807
1807
1803
1800
1789
1789
1789
1791
1786
1797
1797
1803
1803
1807
1813
1815
1813
1820
1819
1816
1815
1816
1815
1815
1811
1817
1820
1835
1861
1903
1963
2036
2119
2211
2299
2390
2461
2526
2577
2599
2595
2586
2549
2501
2437
2379
2313
2239
2163
2103
2035
1980
1927
1891
1861
1831
1816
1815
1811
1817
1828
1845
1865
1880
1892
1911
1920
1933
1929
1933
1929
1927
1915
1909
1897
1883
1865
1855
1844
1831
1813
1807
1799
1790
1784
1787
1785
1784
1775
1780
1782
1780
1779
1787
1784
1785
1785
1791
1791
1799
1800
1803
1805
1805
1801
1804
1801
1802
1803
1815
1828
1853
1891
1948
2017
2101
2175
2275
2347
2425
2479
2527
2551
2551
2533
2504
2458
2403
2331
2269
2201
2135
2071
2008
1949
1901
1855
1835
1813
1801
1791
1791
1801
1814
1828
1844
1864
1881
1891
1907
1913
1915
1911
1912
1903
1899
1883
1876
1863
1848
1832
1824
1815
1803
1787
1785
1775
1771
1768
1767
1771
1771
1766
1769
1773
1775
1774
1785
1782
1789
1787
1799
1800
1799
1799
1805
1803
1799
1792
1797
1799
1813
1831
1865
1911
1970
2031
2117
2195
2271
2334
2393
2429
2455
2452
2443
2411
2373
2315
2263
2204
2140
2075
2014
1955
1911
1866
1833
1810
1789
1779
1781
1787
1799
1803
1828
1839
1861
1875
1891
1901
1911
1911
1911
1912
1903
1893
1886
1869
1861
1839
1829
1815
1803
1787
1785
1779
1769
1764
1767
1765
1769
1769
1775
1780
1785
1785
1791
1800
1802
1805
1811
1805
1810
1804
1812
1813
1823
1834
1868
1911
1962
2025
2103
2175
2251
2318
2375
2411
2437
2441
2430
2409
2367
2318
2266
2203
2148
2079
2024
1964
1929
1878
1847
1822
1805
1789
1799
1789
1799
1806
1823
1837
1851
1867
1881
1896
1902
1899
1903
1901
1896
1886
1883
1871
1861
1837
1830
1820
1810
1800
1789
1782
1779
1769
1771
1767
1767
1763
1771
1771
1772
1772
1775
1781
1786
1785
1799
1801
1805
1802
1803
1805
1805
1811
1832
1854
1901
1951
2027
2104
2184
2261
2333
2395
2447
2471
2488
2477
2463
2422
2377
2323
2260
2194
2133
2073
2011
1949
1908
1861
1832
1800
1787
1781
1781
1782
1799
1811
1829
1843
1864
1877
1893
1895
1903
1901
1903
1893
1899
1899
1879
1865
1853
1838
1830
1814
1807
1791
1787
1776
1775
1772
1765
1758
1763
1759
1763
1758
1767
1771
1771
1772
1780
1786
1788
1787
1797
1797
1801
1801
1797
1797
1788
1784
1799
1813
1835
1867
1919
1982
2059
2134
2213
2285
2351
2405
2445
2463
2463
2444
2415
2377
2323
2261
2203
2139
2075
2011
1963
1915
1875
1837
1818
1800
1789
1780
1785
1791
1811
1819
1838
1852
1869
1877
1891
1895
1901
1897
1899
1897
1887
1879
1873
1863
1851
1833
1829
1819
1813
1797
1789
1783
1774
1765
1766
1765
1767
1758
1767
1767
1771
1771
1779
1783
1787
1789
1800
1803
1809
1806
1813
1813
1815
1810
1813
1811
1810
1813
1829
1860
1900
1950
2015
2095
2171
2251
2330
2387
2431
2461
2474
2467
2443
2399
2357
2299
2239
2169
2111
2056
1997
1942
1901
1866
1835
1811
1803
1791
1799
1801
1815
1829
1839
1853
1878
1893
1908
1911
1925
1927
1927
1918
1915
1903
1895
1877
1871
1861
1844
1830
1823
1813
1804
1791
1791
1785
1785
1776
1781
1779
1781
1779
1783
1787
1800
1803
1814
1816
1819
1818
1823
1827
1823
1821
1823
1820
1822
1815
1821
1831
1845
1874
1917
1975
2043
2119
2205
2283
2361
2425
2477
2511
2521
2507
2491
2451
2397
2329
2269
2200
2136
2071
2011
1959
1909
1865
1836
1813
1799
1789
1798
1805
1827
1843
1873
1893
1915
1927
1948
1959
1963
1951
1957
1945
1933
1915
1907
1891
1875
1852
1845
1833
1821
1811
1811
1801
1799
1784
1789
1797
1791
1791
1800
1803
1807
1807
1815
1813
1817
1819
1822
1823
1821
1816
1827
1831
1845
1862
1897
1944
2005
2073
2157
2247
2327
2396
2462
2508
2537
2539
2535
2504
2463
2403
2344
2275
2204
2126
2067
2001
1945
1885
1855
1827
1810
1791
1801
1807
1819
1831
1855
1881
1897
1913
1935
1944
1956
1950
1955
1950
1944
1927
1914
1899
1881
1855
1846
1829
1817
1804
1800
1791
1787
1781
1784
1781
1782
1779
1785
1783
1791
1790
1803
1810
1815
1815
1824
1823
1827
1822
1832
1843
1866
1900
1960
2024
2111
2189
2285
2377
2457
2520
2572
2601
2611
2595
2569
2519
2459
2387
2319
2244
2165
2088
2023
1961
1911
1861
1831
1816
1789
1785
1788
1801
1815
1823
1847
1863
1885
1899
1912
1928
1932
1929
1932
1928
1916
1899
1897
1879
1866
1845
1833
1817
1816
1786
1784
1771
1765
1754
1755
1753
1755
1757
1767
1771
1779
1781
1791
1804
1813
1814
1823
1827
1831
1823
1831
1831
1833
1839
1864
1895
1947
2005
2089
2169
2261
2347
2429
2503
2551
2585
2596
2585
2555
2505
2451
2375
2302
2222
2147
2075
2009
1943
1895
1848
1813
1781
1772
1759
1765
1767
1783
1803
1823
1844
1869
1891
1908
1916
1935
1939
1943
1934
1934
1919
1911
1891
1880
1864
1846
1823
1814
1801
1789
1771
1767
1759
1754
1751
1753
1753
1755
1753
1763
1759
1759
1767
1780
1785
1788
1787
1801
1803
1807
1803
1803
1799
1801
1798
1805
1821
1846
1883
1941
2009
2095
2175
2275
2360
2437
2492
2537
2556
2556
2527
2495
2447
2381
2310
2236
2165
2095
2020
1963
1907
1861
1813
1788
1771
1764
1757
1767
1775
1799
1815
1835
1865
1879
1893
1909
1919
1927
1926
1927
1915
1909
1887
1881
1870
1845
1823
1811
1791
1779
1765
1756
1747
1741
1736
1738
1737
1735
1735
1747
1750
1757
1759
1771
1774
1785
1789
1803
1807
1813
1804
1813
1815
1816
1814
1819
1823
1837
1864
1903
1957
2025
2096
2185
2265
2334
2398
2451
2475
2487
2477
2457
2419
2367
2309
2248
2183
2117
2045
1983
1919
1877
1831
1805
1784
1768
1759
1765
1781
1801
1811
1837
1855
1880
1895
1911
1929
1933
1941
1939
1931
1915
1897
1885
1869
1852
1831
1819
1807
1797
1775
1773
1763
1756
1751
1751
1747
1749
1749
1754
1757
1765
1765
1773
1779
1781
1782
1785
1786
1789
1785
1791
1797
1811
1821
1853
1899
1957
2013
2095
2170
2254
2319
2382
2425
2458
2467
2464
2445
2404
2347
2296
2233
2170
2103
2041
1981
1928
1876
1839
1811
1785
1767
1769
1772
1785
1799
1820
1843
1864
1878
1901
1916
1931
1929
1935
1931
1927
1912
1909
1896
1881
1864
1852
1843
1827
1815
1806
1792
1791
1780
1782
1780
1776
1775
1783
1789
1789
1790
1801
1803
1805
1809
1814
1819
1817
1815
1819
1820
1824
1822
1838
1861
1896
1945
2009
2087
2171
2258
2345
2421
2485
2531
2568
2575
2567
2532
2491
2442
2383
2309
2247
2175
2110
2038
1988
1937
1897
1863
1839
1829
1819
1816
1829
1837
1853
1869
1890
1901
1917
1929
1941
1945
1948
1943
1944
1935
1926
1902
1895
1877
1865
1845
1835
1827
1818
1803
1801
1799
1789
1783
1787
1783
1786
1785
1789
1797
1799
1797
1803
1807
1813
1809
1813
1814
1813
1805
1807
1805
1812
1823
1845
1877
1927
1981
2065
2148
2239
2330
2420
2492
2550
2591
2615
2607
2586
2535
2485
2419
2357
2274
2208
2137
2069
2003
1951
1908
1869
1833
1820
1805
1805
1804
1819
1835
1849
1868
1891
1910
1931
1937
1947
1947
1949
1939
1927
1913
1899
1879
1869
1853
1843
1823
1815
1803
1797
1783
1787
1773
1779
1758
1765
1763
1765
1763
1768
1769
1775
1775
1787
1789
1791
1791
1801
1797
1799
1797
1796
1789
1791
1792
1812
1827
1855
1895
1957
2027
2111
2199
2287
2364
2443
2499
2539
2557
2556
2531
2502
2451
2389
2314
2247
2173
2109
2031
1975
1925
1875
1833
1820
1789
1783
1769
1786
1801
1819
1837
1865
1884
1901
1915
1933
1939
1943
1939
1933
1926
1913
1895
1885
1867
1848
1827
1815
1803
1787
1774
1769
1764
1765
1755
1763
1763
1768
1765
1771
1773
1775
1776
1785
1786
1799
1792
1803
1806
1804
1804
1811
1813
1823
1833
1865
1899
1956
2020
2103
2185
2271
2347
2421
2477
2521
2533
2535
2518
2483
2426
2373
2309
2237
2156
2093
2027
1963
1909
1867
1831
1805
1781
1779
1775
1779
1786
1817
1838
1861
1880
1907
1925
1942
1947
1955
1956
1951
1941
1929
1915
1899
1879
1865
1839
1829
1806
1801
1789
1780
1771
1773
1770
1769
1763
1767
1763
1768
1771
1775
1779
1783
1783
1797
1797
1801
1798
1812
1828
1849
1887
1934
2003
2079
2155
2246
2339
2407
2463
2509
2535
2539
2519
2494
2451
2397
2326
2261
2187
2117
2039
1981
1925
1875
1829
1805
1781
1773
1767
1775
1788
1805
1823
1853
1875
1899
1910
1933
1939
1943
1943
1939
1932
1926
1901
1893
1877
1861
1837
1829
1813
1799
1779
1771
1766
1759
1751
1755
1753
1758
1755
1765
1771
1773
1774
1786
1789
1790
1787
1801
1803
1811
1816
1828
1843
1875
1911
1975
2056
2136
2223
2317
2403
2477
2534
2583
2601
2599
2569
2532
2477
2411
2333
2264
2183
2110
2030
1976
1919
1877
1832
1812
1789
1783
1781
1789
1803
1823
1842
1869
1887
1907
1920
1940
1945
1949
1945
1945
1934
1919
1902
1890
1877
1862
1835
1829
1815
1804
1789
1784
1783
1781
1779
1781
1781
1781
1775
1787
1789
1795
1791
1803
1803
1811
1803
1807
1809
1807
1803
1809
1817
1831
1855
1896
1957
2035
2123
2221
2327
2419
2495
2573
2617
2642
2634
2619
2577
2519
2445
2375
2291
2205
2121
2052
1975
1915
1855
1821
1787
1771
1759
1763
1771
1785
1802
1831
1850
1881
1899
1919
1935
1948
1950
1959
1951
1947
1931
1925
1907
1885
1867
1853
1830
1817
1791
1787
1771
1763
1751
1747
1747
1747
1748
1754
1761
1771
1775
1787
1787
1803
1801
1805
1811
1813
1805
1807
1801
1799
1789
1792
1799
1815
1836
1882
1943
2017
2099
2194
2285
2375
2449
2511
2555
2579
2571
2547
2509
2453
2385
2317
2237
2163
2084
2008
1939
1879
1815
1781
1752
1727
1716
1718
1723
1747
1765
1791
1819
1845
1865
1885
1901
1911
1911
1915
1909
1903
1887
1881
1868
1852
1839
1834
1822
1815
1800
1790
1779
1769
1757
1756
1752
1749
1741
1747
1749
1746
1738
1747
1746
1748
1747
1752
1759
1762
1761
1767
1769
1775
1784
1805
1833
1880
1935
2007
2087
2170
2252
2332
2396
2451
2475
2491
2477
2459
2405
2356
2287
2219
2137
2072
2001
1931
1866
1820
1771
1743
1712
1705
1704
1715
1727
1753
1780
1816
1839
1875
1897
1918
1933
1943
1948
1945
1931
1926
1908
1893
1869
1854
1837
1821
1804
1799
1783
1773
1762
1763
1759
1761
1759
1763
1765
1769
1768
1781
1783
1791
1791
1800
1805
1807
1805
1815
1821
1845
1874
1915
1973
2041
2124
2211
2298
2377
2443
2493
2523
2539
2525
2505
2457
2407
2335
2275
2201
2133
2055
1991
1929
1878
1831
1801
1779
1759
1752
1757
1769
1786
1803
1829
1852
1881
1899
1919
1932
1943
1943
1947
1943
1933
1916
1903
1889
1875
1853
1838
1820
1807
1785
1781
1775
1770
1763
1763
1758
1765
1759
1767
1771
1779
1775
1785
1791
1791
1790
1799
1791
1801
1801
1811
1827
1849
1892
1955
2030
2119
2212
2311
2397
2479
2540
2588
2612
2612
2584
2548
2489
2425
2344
2275
2195
2120
2037
1976
1913
1869
1823
1798
1775
1767
1763
1771
1785
1809
1823
1855
1877
1901
1912
1931
1944
1947
1945
1945
1938
1929
1908
1897
1879
1864
1843
1823
1815
1801
1784
1781
1768
1765
1758
1763
1763
1765
1767
1775
1781
1784
1787
1801
1801
1805
1802
1803
1807
1802
1792
1806
1802
1814
1831
1875
1926
1995
2079
2173
2276
2373
2451
2525
2581
2611
2614
2607
2567
2516
2445
2376
2297
2219
2138
2071
2001
1935
1876
1833
1799
1779
1755
1764
1767
1779
1792
1816
1839
1864
1879
1901
1911
1928
1925
1933
1928
1917
1899
1893
1876
1863
1835
1824
1805
1791
1771
1765
1755
1749
1737
1741
1735
1735
1727
1738
1739
1747
1747
1755
1763
1768
1765
1779
1779
1783
1779
1783
1780
1777
1769
1779
1781
1801
1829
1881
1943
2021
2101
2190
2269
2351
2406
2459
2489
2491
2477
2453
2407
2350
2277
2212
2137
2071
1993
1935
1880
1829
1784
1758
1740
1727
1719
1732
1741
1763
1780
1803
1831
1849
1864
1882
1894
1899
1896
1898
1893
1881
1864
1851
1843
1827
1806
1799
1785
1771
1763
1755
1751
1747
1737
1739
1737
1725
1727
1739
1743
1747
1747
1751
1755
1763
1758
1767
1771
1771
1768
1773
1775
1782
1799
1829
1865
1919
1977
2055
2131
2201
2262
2323
2361
2386
2387
2385
2356
2323
2268
2217
2157
2095
2024
1971
1914
1867
1816
1784
1752
1734
1718
1721
1723
1740
1754
1782
1807
1827
1846
1867
1882
1897
1892
1897
1893
1890
1877
1867
1851
1836
1821
1811
1789
1784
1769
1767
1763
1755
1751
1753
1754
1759
1762
1773
1772
1781
1779
1785
1787
1789
1783
1791
1797
1799
1802
1821
1843
1883
1926
1981
2045
2120
2187
2252
2309
2351
2381
2397
2395
2379
2343
2303
2254
2198
2131
2075
2013
1957
1903
1865
1830
1801
1771
1768
1763
1765
1771
1787
1813
1829
1845
1867
1883
1899
1901
1913
1917
1919
1912
1907
1899
1891
1870
1863
1843
1835
1821
1815
1803
1791
1782
1780
1775
1773
1767
1771
1769
1773
1779
1785
1800
1800
1806
1803
1803
1807
1805
1819
1835
1863
1897
1952
2013
2088
2156
2235
2311
2367
2414
2450
2461
2463
2440
2410
2363
2313
2247
2195
2127
2067
2003
1957
1903
1870
1833
1816
1802
1797
1791
1803
1821
1833
1847
1869
1881
1903
1914
1927
1935
1937
1932
1929
1919
1911
1895
1889
1868
1861
1839
1833
1823
1816
1803
1803
1803
1800
1790
1799
1801
1801
1802
1812
1811
1812
1811
1817
1819
1818
1817
1820
1820
1819
1815
1827
1835
1851
1875
1917
1973
2037
2116
2199
2280
2360
2425
2492
2520
2535
2525
2510
2476
2427
2367
2314
2247
2185
2111
2057
1999
1945
1898
1869
1850
1827
1814
1816
1819
1833
1845
1867
1885
1901
1915
1934
1945
1955
1955
1960
1951
1948
1934
1928
1913
1899
1879
1875
1855
1845
1829
1823
1815
1812
1802
1803
1799
1801
1791
1801
1804
1805
1810
1816
1817
1823
1820
1831
1831
1829
1831
1831
1831
1831
1829
1839
1852
1887
1927
1984
2057
2125
2205
2287
2364
2431
2479
2520
2531
2525
2503
2468
2415
2357
2287
2231
2157
2094
2027
1973
1916
1879
1840
1821
1810
1803
1801
1817
1829
1845
1861
1882
1900
1919
1931
1948
1955
1959
1949
1949
1945
1929
1911
1898
1881
1869
1839
1835
1819
1807
1787
1784
1779
1772
1767
1768
1763
1767
1763
1775
1773
1773
1774
1785
1790
1797
1797
1804
1805
1807
1803
1802
1803
1799
1796
1805
1810
1829
1851
1896
1949
2019
2095
2181
2259
2335
2391
2447
2476
2489
2479
2461
2423
2375
2311
2251
2185
2111
2040
1982
1931
1879
1833
1802
1775
1767
1763
1763
1771
1787
1805
1829
1849
1867
1883
1901
1907
1917
1912
1915
1907
1897
1880
1876
1863
1847
1827
1819
1806
1791
1781
1773
1767
1766
1757
1763
1763
1765
1757
1771
1771
1773
1775
1781
1789
1789
1787
1803
1799
1803
1799
1799
1799
1799
1800
1813
1823
1845
1887
1943
2005
2077
2151
2230
2301
2367
2413
2455
2469
2469
2443
2411
2367
2314
2246
2185
2116
2055
1983
1937
1891
1845
1811
1789
1775
1773
1770
1784
1801
1817
1836
1863
1883
1901
1913
1929
1940
1945
1937
1939
1926
1912
1895
1883
1866
1847
1823
1815
1798
1782
1769
1768
1763
1765
1759
1767
1771
1779
1776
1785
1790
1791
1791
1803
1801
1811
1807
1816
1819
1827
1837
1865
1903
1951
2010
2090
2163
2249
2323
2392
2444
2483
2495
2506
2491
2463
2409
2366
2299
2233
2163
2100
2029
1975
1915
1877
1837
1815
1787
1785
1785
1797
1806
1829
1851
1879
1901
1917
1939
1947
1949
1951
1949
1948
1933
1931
1913
1897
1875
1862
1845
1835
1815
1806
1797
1790
1780
1775
1780
1789
1780
1786
1791
1797
1791
1803
1801
1803
1801
1809
1816
1821
1829
1847
1883
1930
1981
2058
2135
2220
2300
2382
2451
2495
2525
2543
2535
2513
2467
2415
2350
2285
2213
2145
2076
2005
1940
1893
1849
1817
1787
1774
1769
1772
1783
1810
1830
1851
1870
1897
1918
1933
1941
1951
1950
1955
1945
1943
1934
1925
1913
1899
1891
1878
1854
1849
1832
1827
1813
1805
1801
1791
1785
1786
1786
1787
1783
1788
1788
1805
1791
1801
1804
1805
1804
1810
1815
1823
1835
1868
1907
1965
2031
2119
2199
2292
2375
2444
2491
2527
2539
2537
2514
2477
2419
2363
2291
2223
2147
2079
2019
1957
1897
1860
1821
1800
1772
1774
1773
1783
1798
1817
1837
1863
1879
1899
1911
1931
1932
1939
1933
1927
1914
1909
1895
1883
1866
1851
1837
1821
1807
1797
1787
1780
1772
1772
1769
1772
1769
1773
1775
1779
1775
1785
1787
1789
1785
1791
1799
1801
1800
1804
1801
1803
1799
1805
1812
1831
1853
1901
1964
2037
2122
2213
2299
2387
2453
2511
2542
2555
2547
2523
2479
2423
2357
2295
2218
2151
2076
2013
1952
1900
1853
1827
1803
1791
1779
1787
1789
1806
1823
1839
1864
1882
1895
1913
1919
1931
1927
1927
1919
1911
1899
1892
1880
1867
1845
1837
1823
1811
1799
1789
1784
1779
1772
1771
1772
1773
1771
1778
1781
1784
1784
1796
1799
1807
1801
1813
1815
1819
1818
1819
1817
1819
1812
1814
1813
1815
1818
1843
1880
1929
1991
2075
2159
2253
2336
2421
2488
2539
2574
2585
2575
2537
2487
2437
2363
2287
2206
2137
2067
1994
1929
1883
1843
1814
1783
1775
1771
1775
1787
1805
1823
1849
1869
1896
1911
1919
1933
1943
1945
1941
1931
1927
1903
1895
1869
1854
1833
1816
1800
1787
1780
1762
1761
1763
1755
1758
1755
1764
1769
1775
1779
1789
1801
1805
1806
1815
1816
1817
1813
1813
1813
1811
1803
1805
1803
1805
1797
1807
1819
1850
1893
1947
2021
2106
2190
2285
2375
2445
2501
2541
2557
2556
2535
2501
2444
2379
2297
2227
2151
2075
1997
1939
1877
1835
1790
1769
1753
1747
1747
1755
1772
1791
1816
1849
1869
1897
1911
1931
1941
1943
1942
1939
1929
1913
1893
1881
1861
1845
1824
1813
1801
1788
1771
1773
1767
1763
1757
1764
1763
1759
1764
1768
1771
1775
1775
1785
1788
1791
1791
1800
1799
1799
1790
1798
1789
1791
1789
1811
1837
1881
1934
2007
2099
2182
2265
2359
2437
2493
2535
2556
2564
2539
2501
2455
2381
2314
2229
2157
2084
2005
1939
1884
1831
1791
1758
1741
1727
1737
1747
1767
1787
1816
1842
1874
1897
1917
1932
1948
1949
1951
1946
1938
1927
1911
1884
1873
1852
1835
1814
1807
1789
1783
1771
1773
1768
1767
1765
1773
1779
1781
1782
1790
1801
1805
1804
1816
1817
1817
1817
1821
1829
1840
1864
1908
1961
2031
2111
2205
2296
2383
2456
2519
2565
2587
2581
2568
2523
2473
2397
2331
2258
2173
2093
2029
1959
1899
1845
1811
1775
1757
1751
1755
1767
1783
1799
1829
1851
1880
1899
1919
1935
1945
1943
1947
1943
1933
1913
1907
1887
1871
1847
1832
1819
1804
1784
1779
1769
1767
1758
1757
1759
1765
1764
1772
1775
1779
1779
1787
1789
1789
1787
1799
1801
1811
1821
1862
1899
1960
2030
2119
2210
2299
2391
2456
2510
2547
2556
2552
2525
2483
2422
2361
2285
2207
2126
2063
1991
1931
1868
1829
1791
1769
1749
1751
1753
1765
1779
1803
1822
1844
1864
1887
1901
1915
1916
1929
1930
1916
1903
1897
1883
1868
1847
1833
1812
1805
1783
1774
1767
1757
1747
1747
1747
1746
1746
1757
1753
1759
1763
1772
1781
1787
1785
1797
1797
1800
1797
1803
1805
1807
1821
1849
1893
1951
2019
2107
2195
2283
2363
2439
2489
2527
2542
2538
2515
2475
2413
2356
2286
2213
2137
2073
2006
1947
1886
1847
1811
1780
1758
1755
1756
1763
1769
1787
1803
1828
1845
1865
1879
1891
1892
1897
1899
1895
1884
1879
1865
1852
1834
1823
1815
1801
1783
1779
1769
1765
1756
1757
1751
1752
1749
1755
1755
1757
1755
1763
1765
1766
1766
1769
1771
1775
1771
1775
1779
1781
1779
1783
1787
1791
1810
1843
1887
1950
2022
2109
2194
2275
2349
2413
2468
2491
2495
2483
2457
2423
2363
2303
2236
2167
2093
2028
1970
1916
1865
1828
1797
1783
1757
1758
1761
1771
1775
1803
1822
1843
1855
1881
1892
1901
1903
1908
1907
1901
1891
1883
1867
1854
1843
1830
1817
1804
1787
1784
1773
1771
1763
1765
1763
1763
1758
1764
1765
1767
1765
1774
1779
1782
1783
1787
1791
1791
1789
1803
1798
1801
1798
1799
1791
1789
1784
1788
1800
1814
1836
1884
1935
2003
2076
2157
2235
2314
2379
2429
2469
2483
2476
2463
2425
2381
2319
2263
2197
2129
2057
1999
1943
1893
1845
1814
1787
1775
1767
1773
1781
1801
1813
1835
1855
1875
1885
1903
1911
1919
1914
1917
1907
1899
1888
1879
1865
1850
1828
1816
1799
1789
1776
1772
1769
1767
1759
1759
1759
1761
1755
1763
1755
1763
1759
1766
1772
1775
1773
1783
1787
1789
1789
1799
1797
1799
1792
1803
1801
1805
1813
1837
1867
1911
1964
2035
2109
2183
2253
2324
2377
2415
2440
2451
2440
2408
2362
2319
2261
2204
2134
2076
2011
1955
1899
1855
1823
1801
1779
1775
1773
1788
1799
1819
1840
1861
1879
1901
1913
1927
1928
1939
1933
1931
1917
1911
1895
1881
1853
1848
1835
1828
1812
1805
1791
1785
1778
1775
1775
1773
1769
1775
1784
1783
1783
1788
1791
1803
1801
1811
1812
1816
1813
1821
1829
1839
1861
1897
1939
1995
2054
2123
2191
2255
2312
2361
2399
2414
2414
2407
2375
2341
2287
2239
2185
2126
2067
2011
1959
1911
1868
1837
1811
1799
1783
1787
1797
1804
1817
1835
1848
1871
1881
1897
1907
1913
1915
1925
1926
1918
1899
1895
1883
1869
1849
1842
1827
1819
1805
1804
1799
1797
1785
1787
1786
1785
1781
1788
1789
1791
1791
1801
1801
1804
1800
1803
1811
1813
1821
1849
1879
1919
1968
2032
2095
2168
2231
2296
2349
2392
2408
2421
2408
2389
2347
2310
2259
2201
2134
2085
2020
1965
1912
1877
1837
1817
1792
1786
1783
1785
1787
1807
1823
1843
1851
1869
1881
1891
1895
1903
1901
1897
1884
1881
1869
1854
1842
1835
1820
1815
1799
1791
1779
1779
1769
1768
1766
1765
1764
1770
1771
1775
1779
1785
1789
1797
1791
1801
1803
1805
1801
1803
1801
1811
1808
1827
1849
1880
1919
1983
2053
2123
2195
2269
2331
2387
2415
2445
2445
2431
2399
2363
2317
2261
2198
2137
2076
2021
1962
1919
1879
1848
1815
1806
1797
1797
1799
1811
1823
1844
1853
1878
1893
1901
1908
1912
1917
1915
1908
1903
1892
1885
1870
1864
1851
1839
1821
1819
1811
1803
1788
1791
1785
1790
1787
1781
1784
1786
1783
1797
1801
1803
1804
1811
1809
1813
1811
1813
1813
1815
1803
1810
1807
1811
1807
1822
1839
1875
1913
1977
2039
2117
2188
2266
2329
2387
2423
2451
2453
2447
2415
2387
2335
2282
2220
2163
2108
2053
1993
1949
1903
1875
1839
1831
1817
1813
1813
1821
1837
1850
1864
1884
1897
1911
1919
1933
1935
1934
1929
1925
1912
1901
1883
1875
1865
1850
1836
1831
1821
1813
1802
1801
1791
1787
1780
1780
1781
1781
1780
1784
1787
1789
1789
1801
1803
1803
1802
1804
1807
1810
1806
1812
1807
1807
1805
1815
1823
1845
1879
1930
1983
2063
2131
2207
2282
2342
2391
2426
2447
2451
2427
2406
2363
2317
2259
2196
2135
2073
2005
1959
1908
1871
1830
1813
1788
1783
1781
1788
1801
1817
1827
1851
1868
1886
1897
1911
1915
1925
1920
1926
1913
1910
1893
1883
1873
1855
1839
1831
1816
1807
1791
1787
1781
1779
1769
1772
1772
1771
1771
1776
1779
1784
1784
1791
1801
1801
1803
1805
1806
1804
1799
1810
1806
1818
1831
1864
1899
1949
2009
2084
2152
2227
2291
2355
2403
2431
2444
2445
2427
2395
2343
2297
2236
2173
2104
2043
1983
1933
1883
1851
1823
1801
1783
1779
1781
1787
1803
1823
1844
1871
1884
1903
1919
1934
1939
1943
1943
1935
1919
1913
1896
1881
1865
1851
1835
1822
1810
1800
1792
1785
1773
1775
1769
1771
1767
1771
1775
1779
1775
1784
1789
1797
1791
1801
1803
1807
1807
1818
1833
1853
1880
1929
1980
2045
2117
2199
2269
2343
2397
2445
2471
2483
2471
2454
2413
2363
2307
2248
2184
2123
2054
1997
1943
1899
1854
1830
1811
1800
1797
1805
1817
1837
1850
1879
1902
1925
1938
1955
1964
1971
1963
1965
1957
1949
1929
1914
1899
1881
1862
1851
1837
1827
1812
1807
1801
1797
1788
1789
1797
1791
1787
1801
1803
1811
1811
1815
1815
1827
1820
1836
1845
1869
1893
1939
1997
2065
2137
2220
2299
2383
2446
2501
2531
2547
2539
2523
2487
2431
2367
2311
2235
2169
2093
2031
1971
1919
1877
1848
1827
1813
1800
1811
1817
1839
1851
1879
1899
1919
1934
1951
1961
1965
1963
1965
1955
1948
1931
1917
1900
1885
1863
1849
1833
1823
1804
1803
1789
1785
1783
1785
1785
1785
1783
1789
1791
1797
1791
1801
1803
1812
1811
1817
1823
1835
1852
1890
1938
1996
2069
2153
2239
2333
2414
2489
2555
2591
2605
2607
2585
2539
2477
2413
2336
2265
2183
2116
2041
1979
1925
1881
1837
1811
1788
1785
1785
1791
1806
1831
1851
1873
1885
1907
1925
1935
1943
1947
1945
1943
1929
1918
1907
1892
1868
1855
1843
1823
1809
1802
1789
1786
1775
1781
1775
1775
1771
1779
1781
1785
1786
1799
1800
1807
1806
1814
1819
1821
1818
1822
1821
1822
1819
1835
1849
1886
1938
2007
2089
2174
2268
2363
2447
2520
2567
2599
2605
2589
2549
2505
2442
2367
2283
2213
2135
2063
1989
1930
1875
1832
1790
1776
1765
1759
1765
1781
1799
1815
1831
1853
1875
1896
1902
1917
1927
1927
1917
1907
1903
1895
1875
1867
1847
1835
1815
1805
1791
1783
1773
1769
1763
1759
1753
1759
1757
1763
1759
1763
1765
1767
1767
1775
1775
1783
1784
1787
1789
1797
1788
1789
1787
1785
1781
1785
1787
1801
1817
1847
1895
1957
2027
2121
2207
2299
2379
2455
2507
2540
2552
2548
2519
2477
2407
2350
2281
2207
2131
2063
1993
1931
1877
1843
1803
1785
1766
1759
1764
1769
1781
1801
1823
1844
1862
1884
1895
1911
1911
1914
1911
1903
1893
1890
1871
1855
1833
1821
1803
1785
1771
1760
1753
1752
1739
1743
1740
1741
1739
1741
1747
1751
1751
1764
1765
1767
1764
1769
1771
1775
1772
1775
1779
1781
1772
1781
1779
1775
1773
1771
1771
1767
1762
1769
1779
1811
1839
1896
1965
2041
2135
2235
2329
2413
2477
2537
2569
2581
2577
2536
2491
2428
2356
2291
2215
2137
2059
1997
1933
1885
1839
1813
1789
1782
1771
1785
1802
1819
1837
1863
1883
1909
1925
1941
1949
1958
1950
1951
1943
1929
1910
1899
1877
1865
1836
1828
1811
1801
1781
1779
1771
1771
1763
1768
1768
1769
1767
1774
1779
1781
1783
1791
1801
1804
1803
1813
1813
1819
1817
1820
1821
1823
1817
1827
1823
1829
1832
1855
1895
1948
2009
2100
2187
2281
2367
2460
2531
2585
2611
2620
2607
2578
2519
2459
2387
2311
2219
2147
2068
1993
1926
1873
1831
1805
1776
1775
1775
1784
1791
1820
1845
1869
1895
1917
1938
1955
1957
1963
1961
1956
1942
1931
1915
1901
1876
1863
1836
1818
1801
1787
1773
1763
1755
1753
1750
1749
1741
1747
1750
1749
1753
1764
1767
1775
1782
1787
1791
1797
1798
1803
1799
1803
1799
1811
1819
1839
1871
1930
1993
2075
2155
2249
2335
2421
2484
2539
2571
2578
2554
2525
2476
2415
2341
2269
2190
2117
2031
1973
1914
1863
1813
1780
1757
1745
1734
1743
1754
1775
1792
1822
1847
1868
1886
1901
1917
1929
1927
1933
1927
1917
1902
1896
1877
1855
1832
1822
1804
1789
1773
1768
1756
1753
1750
1754
1752
1753
1750
1759
1764
1767
1767
1775
1775
1781
1779
1785
1787
1789
1788
1797
1797
1787
1785
1791
1800
1824
1853
1909
1975
2055
2141
2235
2329
2414
2485
2547
2579
2595
2581
2552
2505
2445
2373
2303
2227
2153
2073
2007
1945
1896
1845
1819
1799
1783
1771
1775
1788
1803
1820
1839
1863
1884
1899
1924
1931
1941
1934
1939
1931
1916
1902
1893
1877
1867
1845
1835
1819
1804
1787
1781
1770
1766
1755
1755
1752
1752
1751
1762
1765
1769
1771
1781
1791
1791
1788
1802
1801
1803
1801
1805
1811
1812
1813
1817
1814
1813
1815
1835
1863
1907
1963
2039
2134
2231
2326
2423
2505
2577
2616
2643
2637
2613
2571
2519
2451
2377
2293
2215
2137
2067
1992
1939
1891
1848
1813
1799
1781
1781
1785
1801
1820
1839
1861
1885
1903
1928
1938
1951
1957
1955
1945
1941
1927
1909
1884
1877
1852
1839
1819
1807
1790
1779
1765
1763
1755
1753
1751
1752
1752
1757
1755
1763
1767
1771
1771
1781
1783
1789
1788
1799
1797
1800
1791
1800
1797
1791
1783
1789
1788
1789
1798
1817
1847
1897
1957
2040
2135
2234
2333
2431
2517
2579
2615
2643
2633
2612
2565
2509
2440
2360
2269
2191
2111
2035
1959
1903
1848
1815
1783
1769
1765
1765
1775
1803
1828
1851
1878
1912
1933
1951
1966
1977
1980
1980
1967
1963
1948
1931
1908
1891
1871
1851
1829
1815
1797
1787
1769
1767
1764
1765
1757
1765
1767
1770
1771
1784
1787
1799
1803
1815
1821
1824
1827
1838
1833
1837
1836
1839
1845
1845
1852
1879
1912
1961
2023
2107
2188
2279
2361
2443
2509
2551
2578
2587
2569
2532
2475
2419
2343
2269
2187
2110
2039
1973
1901
1862
1813
1783
1757
1751
1747
1753
1764
1788
1811
1835
1852
1883
1899
1915
1927
1935
1934
1933
1915
1911
1894
1880
1861
1845
1832
1817
1801
1791
1780
1775
1767
1763
1759
1755
1749
1753
1757
1759
1763
1773
1773
1781
1780
1785
1788
1791
1797
1803
1803
1805
1799
1805
1811
1831
1855
1907
1971
2044
2123
2219
2308
2387
2454
2507
2535
2548
2535
2509
2463
2408
2331
2261
2185
2107
2027
1964
1907
1861
1807
1776
1753
1739
1726
1736
1746
1757
1772
1801
1819
1843
1853
1883
1894
1901
1902
1907
1903
1897
1881
1876
1853
1839
1822
1811
1797
1782
1767
1763
1753
1751
1737
1737
1736
1739
1737
1741
1748
1753
1750
1762
1765
1767
1768
1773
1770
1775
1769
1775
1775
1787
1797
1823
1867
1916
1983
2067
2151
2247
2329
2411
2472
2520
2540
2549
2535
2503
2450
2391
2315
2247
2157
2089
2010
1942
1875
1821
1785
1753
1725
1720
1716
1733
1742
1768
1799
1823
1848
1879
1899
1918
1930
1943
1944
1944
1938
1931
1915
1907
1883
1880
1855
1837
1817
1811
1797
1785
1773
1775
1768
1770
1767
1771
1779
1775
1775
1783
1787
1787
1788
1799
1799
1804
1804
1817
1829
1847
1877
1931
1990
2075
2155
2254
2343
2421
2491
2548
2584
2596
2582
2555
2507
2453
2379
2309
2230
2151
2072
2009
1945
1883
1837
1807
1783
1765
1764
1769
1783
1801
1816
1847
1871
1892
1908
1927
1933
1941
1942
1941
1935
1918
1901
1895
1877
1861
1835
1827
1807
1803
1784
1783
1779
1773
1769
1773
1775
1775
1775
1785
1785
1789
1790
1801
1804
1811
1806
1813
1821
1835
1861
1899
1948
2023
2103
2198
2293
2381
2459
2530
2579
2605
2604
2592
2547
2504
2431
2365
2291
2215
2133
2071
1999
1939
1880
1839
1803
1781
1766
1767
1769
1779
1787
1815
1837
1855
1876
1895
1912
1928
1928
1937
1931
1931
1911
1903
1885
1877
1854
1847
1827
1817
1800
1791
1782
1771
1759
1758
1759
1763
1757
1766
1763
1771
1768
1779
1780
1784
1781
1791
1791
1791
1789
1801
1810
1829
1861
1911
1973
2045
2131
2222
2312
2403
2473
2533
2569
2583
2575
2548
2507
2447
2367
2301
2223
2147
2070
1999
1933
1881
1831
1799
1770
1753
1741
1743
1753
1767
1784
1813
1831
1851
1867
1884
1898
1903
1908
1909
1911
1901
1885
1880
1865
1849
1830
1819
1803
1785
1771
1767
1759
1759
1748
1751
1747
1752
1753
1761
1767
1771
1769
1775
1775
1783
1780
1783
1782
1783
1788
1783
1783
1789
1799
1823
1852
1903
1963
2039
2123
2213
2295
2377
2441
2489
2511
2521
2515
2478
2429
2377
2302
2238
2158
2095
2024
1959
1895
1851
1813
1779
1752
1741
1735
1747
1749
1769
1787
1807
1823
1849
1868
1882
1885
1897
1896
1894
1886
1881
1869
1851
1833
1829
1815
1803
1780
1770
1757
1749
1739
1740
1739
1736
1733
1738
1739
1742
1740
1748
1750
1762
1756
1766
1765
1765
1763
1767
1767
1767
1771
1785
1805
1837
1879
1939
2006
2085
2155
2234
2311
2374
2410
2445
2455
2447
2415
2381
2331
2267
2198
2133
2069
1999
1931
1882
1830
1801
1763
1743
1734
1733
1727
1749
1763
1787
1803
1829
1852
1875
1887
1901
1913
1919
1915
1918
1915
1901
1891
1881
1867
1867
1839
1836
1823
1815
1802
1797
1789
1785
1781
1784
1780
1785
1781
1790
1790
1789
1791
1797
1801
1803
1800
1803
1803
1815
1828
1853
1896
1945
2005
2083
2157
2233
2296
2361
2408
2445
2460
2457
2445
2406
2351
2303
2235
2175
2105
2042
1979
1926
1869
1835
1805
1782
1758
1759
1763
1770
1782
1803
1817
1839
1853
1878
1890
1901
1903
1909
1907
1896
1890
1880
1867
1853
1839
1827
1817
1806
1790
1783
1783
1775
1767
1771
1763
1767
1765
1770
1775
1775
1779
1787
1791
1799
1791
1803
1799
1804
1806
1821
1845
1881
1927
1993
2070
2149
2229
2317
2391
2453
2494
2524
2527
2519
2486
2447
2393
2331
2255
2189
2115
2054
1978
1932
1879
1836
1802
1782
1769
1768
1765
1775
1786
1811
1828
1860
1875
1890
1900
1915
1927
1930
1918
1919
1909
1903
1883
1877
1861
1843
1828
1819
1809
1802
1785
1781
1773
1772
1770
1769
1771
1772
1769
1779
1783
1786
1787
1799
1800
1807
1803
1811
1807
1813
1810
1827
1849
1884
1933
1998
2075
2163
2238
2329
2397
2457
2489
2513
2515
2489
2453
2411
2347
2286
2212
2143
2076
2008
1949
1899
1853
1819
1782
1771
1755
1757
1763
1771
1788
1803
1820
1847
1865
1879
1886
1897
1904
1909
1903
1898
1891
1883
1864
1853
1837
1823
1807
1801
1785
1773
1766
1765
1759
1767
1758
1767
1770
1775
1774
1784
1787
1797
1799
1812
1817
1821
1824
1833
1833
1833
1829
1834
1843
1867
1895
1947
2011
2091
2173
2267
2349
2425
2487
2535
2552
2564
2535
2507
2458
2393
2318
2250
2173
2101
2020
1963
1903
1854
1813
1788
1769
1758
1751
1763
1771
1791
1812
1837
1861
1885
1897
1913
1928
1933
1928
1929
1919
1903
1891
1873
1855
1833
1813
1805
1784
1771
1756
1752
1749
1748
1747
1751
1751
1759
1757
1769
1775
1781
1784
1791
1803
1805
1803
1807
1804
1807
1806
1819
1823
1839
1868
1916
1975
2053
2127
2221
2302
2387
2452
2504
2531
2540
2532
2506
2457
2396
2333
2268
2197
2123
2044
1991
1929
1879
1824
1801
1773
1757
1750
1751
1759
1775
1788
1817
1837
1861
1877
1895
1909
1917
1917
1929
1915
1909
1891
1884
1867
1847
1831
1821
1812
1803
1788
1788
1775
1776
1773
1781
1783
1783
1782
1787
1791
1800
1787
1797
1789
1791
1791
1801
1804
1803
1799
1806
1807
1812
1807
1823
1848
1884
1931
2003
2078
2163
2249
2339
2419
2479
2520
2547
2543
2527
2486
2443
2375
2301
2223
2157
2089
2017
1951
1909
1853
1821
1787
1774
1765
1758
1757
1767
1783
1803
1821
1843
1855
1876
1882
1894
1901
1899
1897
1897
1891
1882
1871
1849
1834
1827
1811
1803
1791
1784
1773
1769
1767
1765
1757
1764
1765
1767
1768
1773
1779
1789
1781
1788
1791
1799
1799
1803
1803
1807
1799
1803
1799
1797
1789
1809
1827
1863
1907
1973
2055
2141
2228
2318
2397
2461
2503
2533
2537
2523
2485
2442
2379
2315
2233
2164
2092
2014
1944
1893
1840
1803
1767
1751
1741
1742
1748
1765
1783
1807
1823
1860
1880
1899
1912
1929
1933
1939
1931
1927
1912
1899
1876
1864
1840
1823
1804
1789
1775
1769
1757
1759
1751
1749
1741
1745
1747
1748
1749
1757
1763
1772
1772
1787
1791
1799
1800
1807
1813
1814
1811
1821
1833
1865
1901
1963
2035
2117
2203
2295
2383
2460
2517
2567
2587
2588
2569
2531
2477
2410
2333
2265
2185
2107
2027
1967
1907
1863
1815
1791
1773
1773
1769
1783
1800
1823
1845
1875
1897
1919
1939
1957
1961
1967
1961
1961
1951
1939
1913
1903
1886
1869
1844
1835
1823
1811
1799
1791
1787
1783
1781
1786
1785
1791
1791
1798
1803
1803
1802
1811
1811
1816
1812
1827
1837
1867
1903
1960
2031
2117
2202
2297
2393
2471
2532
2589
2615
2611
2591
2551
2493
2425
2343
2269
2191
2108
2029
1967
1904
1861
1813
1786
1767
1755
1753
1764
1781
1800
1823
1853
1876
1907
1920
1939
1949
1956
1950
1948
1941
1929
1910
1897
1878
1864
1839
1827
1814
1803
1789
1785
1784
1779
1773
1779
1781
1783
1783
1789
1799
1803
1800
1805
1810
1810
1807
1817
1833
1852
1896
1950
2024
2119
2205
2318
2409
2491
2553
2611
2633
2636
2611
2577
2510
2445
2355
2279
2199
2109
2029
1963
1897
1848
1803
1775
1757
1747
1741
1748
1767
1785
1812
1838
1863
1892
1906
1925
1939
1941
1941
1939
1933
1919
1899
1896
1875
1861
1835
1821
1811
1797
1783
1780
1773
1771
1767
1772
1775
1775
1775
1785
1789
1791
1791
1805
1807
1813
1811
1821
1815
1817
1828
1847
1880
1929
1997
2087
2183
2279
2380
2473
2543
2601
2630
2639
2623
2586
2520
2457
2381
2295
2203
2131
2045
1975
1902
1853
1810
1769
1739
1724
1721
1723
1735
1755
1773
1804
1827
1851
1875
1894
1897
1909
1911
1911
1899
1897
1882
1869
1847
1833
1821
1807
1783
1773
1765
1755
1741
1737
1737
1739
1737
1743
1748
1753
1751
1761
1769
1769
1770
1775
1779
1781
1780
1785
1787
1799
1811
1843
1883
1945
2015
2105
2199
2296
2382
2461
2521
2555
2572
2569
2537
2487
2423
2355
2274
2198
2107
2029
1961
1887
1823
1781
1743
1717
1695
1699
1699
1716
1727
1757
1785
1813
1831
1855
1877
1891
1898
1901
1903
1899
1886
1879
1861
1847
1823
1813
1798
1776
1763
1753
1745
1735
1725
1725
1727
1735
1727
1740
1749
1753
1757
1769
1763
1779
1771
1783
1789
1789
1789
1804
1805
1813
1829
1866
1907
1975
2056
2143
2236
2317
2407
2469
2515
2543
2540
2527
2489
2440
2367
2297
2230
2143
2057
1983
1913
1850
1797
1755
1724
1709
1699
1705
1715
1737
1755
1787
1821
1847
1869
1893
1909
1925
1927
1935
1931
1919
1907
1896
1879
1863
1835
1827
1805
1791
1771
1769
1758
1753
1751
1751
1753
1757
1755
1767
1769
1775
1779
1784
1785
1789
1786
1791
1791
1805
1816
1847
1883
1942
2004
2091
2175
2267
2341
2413
2471
2504
2515
2508
2477
2429
2363
2299
2221
2147
2059
1989
1917
1855
1799
1757
1721
1700
1675
1676
1679
1695
1715
1747
1773
1806
1829
1867
1885
1910
1915
1928
1929
1927
1913
1913
1899
1891
1871
1863
1847
1835
1817
1811
1799
1789
1781
1783
1774
1775
1769
1775
1775
1781
1782
1788
1789
1791
1791
1800
1805
1821
1845
1885
1942
2013
2092
2184
2271
2355
2424
2489
2535
2553
2551
2537
2501
2449
2380
2315
2237
2164
2083
2013
1951
1893
1842
1813
1780
1765
1753
1763
1770
1785
1801
1823
1848
1876
1892
1915
1930
1943
1940
1945
1939
1931
1911
1899
1881
1867
1845
1835
1821
1809
1791
1787
1785
1781
1773
1776
1776
1783
1783
1789
1799
1809
1811
1817
1817
1821
1818
1824
1823
1821
1835
1839
1862
1901
1949
2025
2105
2199
2287
2381
2468
2532
2573
2605
2603
2590
2543
2495
2428
2355
2268
2195
2115
2037
1960
1908
1861
1815
1782
1767
1757
1758
1762
1784
1803
1823
1844
1875
1895
1909
1920
1933
1942
1941
1927
1919
1908
1894
1875
1863
1843
1830
1815
1807
1797
1787
1771
1773
1773
1773
1773
1779
1781
1789
1789
1803
1804
1812
1805
1815
1816
1817
1811
1813
1807
1812
1811
1823
1844
1879
1926
1993
2074
2166
2259
2351
2438
2509
2553
2589
2600
2582
2543
2503
2432
2360
2279
2204
2122
2053
1976
1915
1865
1819
1775
1759
1747
1743
1745
1757
1773
1791
1813
1839
1863
1887
1896
1912
1926
1931
1931
1929
1919
1911
1895
1883
1869
1851
1831
1817
1802
1789
1773
1763
1758
1757
1747
1747
1749
1747
1741
1747
1749
1753
1757
1765
1765
1773
1773
1778
1783
1782
1779
1783
1783
1784
1783
1790
1803
1827
1863
1913
1981
2071
2159
2250
2335
2419
2485
2536
2565
2568
2541
2509
2456
2389
2309
2232
2153
2075
1996
1931
1869
1819
1774
1751
1733
1723
1720
1739
1750
1770
1787
1822
1839
1868
1879
1899
1909
1913
1904
1903
1899
1891
1874
1865
1843
1831
1812
1801
1789
1775
1764
1757
1751
1747
1737
1742
1741
1747
1750
1758
1767
1773
1772
1787
1789
1799
1798
1801
1799
1801
1789
1799
1799
1802
1801
1819
1845
1883
1933
2003
2083
2163
2247
2329
2403
2459
2491
2517
2515
2492
2452
2405
2339
2275
2195
2125
2055
1982
1913
1863
1813
1773
1741
1726
1719
1723
1735
1755
1783
1811
1833
1864
1887
1902
1911
1925
1927
1927
1917
1908
1895
1881
1854
1847
1828
1811
1797
1785
1773
1768
1752
1759
1759
1765
1759
1771
1775
1780
1785
1799
1797
1803
1801
1807
1807
1811
1804
1811
1816
1823
1843
1880
1925
1982
2055
2141
2228
2314
2403
2461
2518
2549
2557
2552
2521
2477
2414
2350
2278
2205
2122
2057
1983
1919
1855
1815
1779
1755
1740
1741
1750
1767
1781
1817
1837
1867
1885
1909
1925
1941
1944
1947
1944
1939
1916
1910
1891
1876
1853
1839
1823
1815
1792
1787
1781
1775
1769
1769
1770
1773
1783
1781
1782
1798
1798
1805
1809
1813
1806
1815
1817
1820
1827
1851
1881
1927
1979
2065
2149
2239
2329
2421
2491
2555
2589
2611
2601
2578
2525
2471
2403
2327
2237
2165
2087
2011
1940
1885
1823
1797
1767
1757
1751
1755
1759
1781
1804
1829
1851
1877
1897
1917
1928
1943
1946
1944
1934
1927
1913
1895
1876
1865
1843
1831
1814
1803
1791
1782
1770
1769
1769
1769
1765
1773
1771
1775
1775
1783
1787
1786
1784
1789
1787
1789
1783
1789
1787
1797
1801
1821
1852
1897
1959
2043
2136
2231
2325
2415
2491
2549
2584
2599
2587
2553
2503
2445
2375
2293
2207
2131
2055
1979
1909
1854
1804
1771
1736
1727
1722
1725
1737
1759
1780
1811
1831
1864
1885
1901
1912
1919
1927
1925
1912
1907
1891
1881
1863
1848
1833
1816
1807
1789
1781
1771
1757
1758
1755
1756
1752
1754
1763
1765
1765
1774
1780
1787
1787
1798
1797
1801
1798
1800
1801
1799
1791
1805
1821
1849
1893
1957
2035
2127
2217
2319
2406
2483
2536
2581
2595
2585
2548
2504
2441
2367
2283
2205
2126
2042
1966
1907
1847
1798
1755
1737
1715
1717
1717
1727
1749
1771
1791
1823
1847
1869
1883
1903
1909
1914
1909
1907
1900
1891
1867
1854
1839
1823
1803
1791
1775
1767
1751
1748
1739
1737
1727
1734
1738
1736
1739
1747
1751
1758
1756
1767
1770
1779
1779
1787
1789
1789
1799
1801
1799
1805
1805
1828
1851
1896
1951
2030
2122
2213
2303
2396
2470
2525
2555
2579
2571
2539
2489
2437
2363
2285
2200
2123
2041
1971
1896
1839
1789
1753
1721
1704
1703
1710
1721
1750
1771
1805
1837
1867
1893
1913
1916
1933
1933
1933
1920
1914
1897
1887
1868
1854
1839
1819
1799
1788
1773
1763
1753
1751
1743
1741
1737
1743
1746
1749
1750
1756
1765
1768
1769
1775
1775
1783
1783
1787
1787
1791
1799
1817
1845
1892
1946
2024
2109
2207
2299
2392
2471
2529
2557
2589
2583
2551
2504
2444
2363
2285
2195
2120
2037
1965
1887
1837
1789
1753
1721
1713
1706
1719
1739
1767
1791
1829
1853
1887
1913
1935
1942
1959
1957
1955
1944
1943
1933
1911
1890
1877
1863
1839
1820
1819
1799
1787
1775
1779
1778
1775
1774
1783
1785
1789
1789
1800
1799
1802
1801
1805
1805
1811
1813
1829
1847
1884
1931
1997
2078
2164
2261
2349
2427
2507
2553
2591
2604
2589
2543
2503
2430
2359
2274
2197
2111
2036
1955
1893
1835
1789
1751
1733
1715
1720
1723
1747
1765
1789
1816
1846
1875
1894
1903
1920
1926
1930
1917
1915
1903
1885
1866
1849
1832
1816
1787
1779
1767
1763
1753
1753
1752
1749
1749
1757
1759
1765
1768
1773
1779
1783
1783
1789
1790
1797
1800
1817
1843
1883
1939
2011
2095
2191
2281
2379
2457
2522
2567
2591
2590
2568
2523
2472
2399
2329
2238
2163
2085
2003
1931
1869
1819
1773
1738
1721
1707
1716
1719
1743
1769
1797
1822
1853
1883
1907
1914
1935
1942
1943
1933
1929
1913
1897
1876
1864
1839
1822
1803
1790
1781
1772
1755
1757
1755
1755
1751
1759
1763
1767
1773
1781
1784
1791
1789
1799
1799
1802
1803
1807
1817
1828
1851
1893
1950
2025
2109
2211
2307
2395
2470
2527
2583
2601
2595
2579
2526
2472
2393
2322
2238
2151
2069
1995
1927
1868
1813
1775
1751
1735
1727
1735
1749
1767
1782
1815
1835
1863
1877
1895
1909
1913
1913
1915
1908
1901
1881
1869
1852
1833
1815
1801
1782
1769
1755
1753
1747
1737
1736
1739
1743
1747
1748
1755
1763
1773
1771
1784
1787
1791
1791
1799
1798
1798
1791
1803
1800
1805
1813
1833
1867
1908
1966
2043
2135
2223
2313
2403
2463
2516
2539
2543
2531
2491
2439
2380
2311
2228
2149
2079
1999
1935
1871
1829
1785
1757
1725
1721
1721
1723
1737
1757
1775
1804
1821
1847
1867
1887
1896
1907
1912
1909
1901
1898
1881
1873
1849
1837
1822
1809
1787
1779
1768
1759
1749
1748
1740
1743
1739
1746
1747
1747
1748
1755
1763
1769
1766
1775
1781
1785
1786
1791
1800
1791
1790
1797
1790
1791
1798
1817
1849
1897
1960
2035
2121
2213
2296
2387
2449
2501
2521
2531
2517
2483
2427
2367
2296
2219
2135
2063
1983
1914
1849
1801
1755
1725
1698
1693
1695
1705
1716
1743
1769
1797
1816
1845
1865
1881
1887
1900
1901
1895
1887
1880
1868
1851
1831
1821
1803
1789
1774
1768
1757
1752
1741
1753
1746
1749
1741
1751
1753
1755
1761
1767
1772
1781
1775
1784
1785
1786
1787
1788
1789
1791
1785
1792
1797
1805
1810
1847
1892
1949
2023
2109
2194
2283
2360
2430
2479
2511
2516
2507
2479
2431
2373
2311
2231
2155
2075
2005
1939
1875
1815
1774
1741
1723
1702
1708
1719
1737
1757
1784
1814
1839
1863
1885
1901
1911
1911
1915
1911
1907
1897
1889
1875
1861
1837
1827
1815
1802
1785
1779
1776
1769
1762
1765
1762
1765
1763
1769
1774
1778
1779
1785
1788
1789
1783
1791
1791
1791
1791
1801
1815
1843
1875
1927
1998
2073
2152
2246
2335
2419
2479
2535
2565
2575
2549
2520
2470
2413
2335
2265
2185
2103
2019
1951
1885
1833
1784
1757
1737
1727
1723
1739
1755
1779
1807
1837
1867
1894
1914
1932
1948
1956
1951
1951
1943
1927
1899
1879
1867
1843
1818
1801
1783
1775
1763
1759
1755
1755
1756
1763
1768
1771
1773
1784
1785
1799
1803
1811
1819
1827
1817
1823
1831
1843
1863
1897
1948
2020
2099
2189
2283
2377
2456
2530
2583
2607
2611
2601
2567
2511
2441
2376
2287
2205
2111
2039
1967
1903
1843
1804
1768
1749
1735
1741
1749
1767
1781
1815
1844
1871
1897
1924
1943
1959
1959
1963
1961
1947
1932
1918
1901
1879
1851
1836
1813
1798
1775
1767
1759
1751
1747
1751
1757
1757
1764
1775
1774
1784
1788
1800
1811
1814
1817
1828
1827
1833
1833
1848
1871
1899
1944
2005
2083
2169
2263
2361
2445
2520
2577
2615
2620
2611
2572
2520
2453
2377
2283
2203
2119
2031
1957
1897
1843
1805
1768
1757
1749
1753
1752
1773
1797
1818
1837
1867
1885
1912
1926
1941
1947
1949
1941
1939
1927
1911
1891
1877
1851
1837
1816
1805
1789
1779
1767
1765
1759
1757
1753
1763
1759
1763
1768
1771
1779
1783
1781
1789
1797
1801
1804
1813
1807
1815
1813
1816
1817
1823
1823
1849
1878
1927
