1757
1769
1800
1861
1956
2100
2273
2469
2679
2905
3161
3421
3671
3829
3887
3815
3653
3431
3188
2955
2706
2485
2263
2056
1864
1715
1598
1511
1449
1447
1489
1545
1618
1706
1815
1919
2003
2091
2167
2232
2279
2322
2336
2347
2334
2315
2291
2253
2203
2175
2147
2120
2104
2101
2121
2152
2200
2285
2409
2567
2749
2965
3207
3449
3695
3895
4008
4037
3962
3787
3589
3379
3177
2991
2823
2661
2505
2379
2263
2155
2069
1999
1955
1911
1876
1855
1849
1851
1867
1895
1925
1964
1993
2025
2065
2087
2091
2120
2131
2131
2125
2123
2108
2093
2087
2075
2058
2052
2028
2054
2073
2123
2199
2301
2444
2603
2783
2981
3179
3339
3469
3502
3485
3387
3247
3083
2901
2727
2551
2397
2235
2127
1999
1899
1822
1779
1767
1762
1765
1753
1735
1727
1725
1706
1687
1659
1646
1627
1622
1615
1613
1617
1617
1626
1611
1592
1560
1549
1524
1499
1479
1454
1453
1453
1481
1545
1627
1723
1832
1949
2065
2154
2235
2298
2316
2283
2199
2080
1919
1749
1543
1337
1141
956
804
663
543
443
376
347
344
363
397
457
520
585
667
745
825
888
937
998
1063
1123
1151
1190
1205
1223
1241
1253
1263
1260
1275
1289
1305
1325
1358
1407
1463
1561
1660
1804
1955
2119
2275
2408
2522
2600
2635
2623
2553
2460
2349
2233
2109
1979
1839
1734
1631
1547
1465
1423
1391
1391
1405
1449
1495
1553
1593
1637
1687
1723
1752
1785
1811
1819
1822
1813
1798
1773
1749
1715
1705
1679
1659
1629
1599
1578
1557
1543
1545
1577
1624
1703
1803
1925
2055
2172
2285
2381
2447
2483
2485
2455
2391
2316
2214
2107
1989
1887
1771
1675
1591
1543
1491
1466
1455
1479
1511
1554
1581
1636
1652
1671
1686
1706
1727
1747
1768
1784
1812
1809
1820
1816
1802
1763
1741
1699
1652
1615
1575
1561
1549
1561
1593
1647
1723
1834
1951
2091
2223
2357
2467
2541
2597
2613
2587
2543
2473
2387
2287
2187
2079
1967
1855
1779
1696
1635
1591
1565
1555
1555
1576
1605
1643
1696
1751
1811
1863
1894
1920
1955
1964
1964
1939
1919
1891
1847
1813
1769
1753
1719
1688
1673
1669
1647
1653
1678
1708
1785
1871
1975
2085
2199
2287
2374
2421
2445
2447
2419
2363
2299
2208
2101
2003
1886
1775
1691
1597
1515
1451
1419
1375
1359
1343
1371
1401
1439
1483
1543
1579
1615
1643
1663
1677
1685
1684
1691
1691
1691
1686
1703
1696
1689
1695
1707
1703
1701
1709
1737
1785
1864
1943
2036
2137
2227
2301
2363
2399
2404
2391
2356
2299
2222
2131
2035
1929
1822
1727
1657
1595
1548
1507
1495
1483
1490
1486
1519
1563
1608
1659
1711
1751
1785
1815
1821
1835
1829
1831
1807
1785
1767
1720
1695
1653
1627
1597
1579
1575
1581
1599
1659
1734
1823
1927
2027
2127
2208
2281
2331
2361
2360
2333
2285
2215
2127
2039
1955
1877
1799
1734
1685
1635
1607
1589
1571
1579
1588
1606
1639
1672
1719
1756
1807
1845
1867
1871
1881
1875
1851
1835
1801
1744
1689
1612
1542
1461
1404
1363
1357
1367
1439
1528
1673
1831
1999
2171
2333
2479
2596
2677
2715
2719
2677
2607
2511
2407
2284
2165
2063
1941
1851
1763
1705
1657
1635
1636
1647
1685
1719
1764
1821
1873
1910
1939
1951
1967
1973
1975
1993
1983
1981
1973
1963
1943
1927
1895
1867
1843
1817
1812
1821
1861
1915
2005
2102
2221
2335
2451
2541
2615
2654
2665
2659
2607
2533
2440
2345
2239
2138
2029
1951
1853
1784
1717
1683
1661
1655
1651
1686
1719
1751
1786
1831
1881
1931
1956
1990
2011
2011
2003
1995
1974
1948
1897
1875
1816
1767
1724
1687
1656
1635
1622
1635
1673
1716
1799
1908
2037
2185
2328
2469
2592
2693
2761
2796
2791
2735
2659
2547
2425
2297
2172
2059
1935
1835
1755
1688
1645
1618
1607
1623
1640
1671
1717
1757
1803
1849
1883
1917
1947
1950
1951
1961
1942
1919
1901
1881
1856
1835
1811
1792
1769
1725
1681
1635
1595
1547
1503
1492
1484
1499
1541
1619
1719
1867
2029
2203
2377
2535
2675
2788
2855
2859
2809
2729
2621
2502
2347
2201
2063
1916
1786
1689
1591
1523
1468
1450
1461
1479
1514
1567
1613
1663
1721
1767
1819
1843
1879
1901
1920
1928
1933
1932
1924
1899
1884
1882
1863
1845
1829
1813
1787
1763
1739
1717
1694
1677
1647
1635
1634
1625
1615
1623
1641
1687
1764
1867
2013
2165
2331
2477
2622
2739
2807
2847
2839
2793
2711
2603
2471
2331
2189
2057
1935
1816
1715
1648
1607
1575
1556
1563
1572
1583
1608
1656
1675
1715
1743
1773
1791
1815
1820
1833
1833
1838
1835
1828
1811
1801
1769
1747
1723
1709
1685
1682
1669
1636
1628
1621
1606
1591
1589
1591
1605
1621
1651
1705
1810
1931
2083
2249
2419
2577
2696
2792
2839
2845
2791
2709
2616
2487
2355
2213
2072
1943
1819
1723
1637
1575
1546
1527
1517
1547
1561
1590
1627
1683
1725
1773
1821
1865
1894
1913
1915
1896
1875
1836
1804
1775
1767
1771
1768
1775
1770
1771
1756
1739
1709
1679
1651
1621
1581
1583
1582
1609
1656
1749
1874
2005
2164
2325
2457
2571
2649
2695
2681
2645
2581
2492
2397
2283
2183
2074
1967
1867
1781
1724
1678
1656
1627
1627
1627
1640
1670
1701
1740
1779
1813
1847
1871
1901
1914
1915
1911
1900
1895
1874
1864
1849
1828
1816
1787
1767
1726
1705
1678
1656
1643
1639
1639
1663
1695
1763
1861
1981
2121
2253
2383
2489
2569
2611
2619
2597
2543
2460
2358
2245
2109
1991
1869
1751
1652
1579
1508
1466
1431
1403
1403
1399
1407
1427
1459
1493
1544
1587
1639
1687
1727
1772
1811
1823
1839
1843
1839
1827
1813
1789
1763
1723
1683
1645
1619
1574
1548
1528
1531
1575
1647
1749
1873
2008
2151
2275
2389
2483
2541
2575
2571
2523
2457
2367
2255
2131
2011
1892
1783
1688
1607
1567
1516
1508
1511
1527
1544
1567
1589
1629
1663
1715
1751
1784
1832
1851
1861
1866
1839
1821
1810
1783
1771
1740
1705
1687
1652
1613
1581
1556
1517
1512
1500
1528
1593
1662
1765
1884
2015
2149
2275
2381
2459
2505
2508
2484
2420
2329
2211
2099
1979
1855
1748
1653
1571
1499
1459
1443
1437
1439
1465
1501
1530
1587
1626
1657
1705
1734
1757
1773
1797
1816
1813
1819
1805
1800
1775
1753
1737
1718
1685
1669
1647
1625
1595
1576
1564
1545
1565
1605
1676
1759
1869
1991
2101
2201
2281
2342
2359
2360
2334
2293
2229
2143
2043
1947
1849
1742
1642
1567
1495
1447
1415
1403
1405
1429
1452
1495
1543
1597
1645
1695
1735
1763
1797
1819
1820
1819
1814
1797
1784
1767
1741
1733
1701
1677
1653
1639
1623
1605
1587
1597
1619
1660
1749
1849
1967
2095
2217
2329
2409
2467
2491
2477
2440
2363
2263
2159
2043
1919
1801
1685
1588
1501
1445
1400
1387
1369
1374
1403
1437
1478
1517
1571
1619
1679
1709
1749
1785
1799
1791
1788
1773
1759
1746
1723
1711
1705
1695
1709
1705
1695
1685
1689
1693
1723
1780
1866
1965
2073
2187
2300
2395
2472
2521
2522
2501
2428
2349
2253
2141
2015
1890
1787
1686
1598
1511
1471
1439
1429
1429
1447
1480
1518
1566
1629
1703
1751
1804
1839
1853
1876
1875
1863
1849
1835
1814
1802
1763
1735
1692
1657
1623
1591
1565
1559
1553
1567
1618
1692
1791
1928
2085
2248
2404
2532
2645
2724
2759
2763
2724
2658
2549
2439
2300
2159
2028
1895
1797
1709
1636
1575
1525
1496
1491
1491
1503
1545
1567
1631
1675
1733
1783
1817
1835
1862
1863
1867
1851
1837
1823
1801
1774
1755
1721
1693
1675
1659
1646
1637
1637
1661
1715
1791
1901
2039
2199
2362
2530
2683
2809
2915
2958
2963
2915
2838
2717
2599
2461
2315
2168
2057
1944
1843
1755
1692
1652
1621
1598
1607
1611
1629
1656
1695
1737
1779
1823
1853
1884
1907
1908
1911
1909
1901
1890
1885
1878
1865
1851
1821
1811
1775
1739
1717
1679
1647
1628
1623
1645
1695
1769
1891
2035
2204
2377
2547
2697
2827
2902
2955
2943
2893
2793
2675
2531
2377
2229
2105
1977
1877
1785
1717
1674
1640
1615
1611
1619
1640
1653
1683
1715
1753
1797
1837
1887
1913
1935
1943
1939
1913
1884
1843
1801
1767
1746
1725
1695
1683
1651
1635
1627
1613
1594
1607
1587
1581
1584
1598
1635
1701
1797
1931
2079
2255
2430
2611
2760
2888
2972
2995
2975
2908
2799
2682
2531
2382
2224
2084
1945
1823
1711
1630
1573
1509
1479
1467
1483
1501
1529
1567
1615
1672
1703
1751
1797
1845
1877
1899
1918
1913
1910
1896
1868
1847
1814
1786
1762
1741
1705
1679
1645
1619
1583
1561
1543
1541
1527
1519
1531
1525
1561
1607
1669
1765
1899
2069
2247
2420
2591
2725
2826
2879
2900
2865
2792
2683
2555
2412
2271
2119
1983
1845
1741
1654
1571
1515
1479
1456
1443
1447
1471
1499
1547
1597
1653
1708
1768
1819
1862
1881
1891
1896
1897
1883
1864
1835
1809
1773
1740
1707
1679
1657
1642
1643
1627
1621
1613
1607
1605
1597
1579
1587
1587
1593
1617
1677
1757
1869
2011
2157
2329
2485
2632
2750
2840
2875
2863
2803
2706
2583
2424
2279
2147
2002
1863
1750
1644
1554
1479
1425
1391
1379
1381
1421
1463
1501
1549
1604
1640
1675
1719
1769
1799
1821
1829
1831
1833
1817
1785
1755
1724
1689
1645
1605
1563
1541
1526
1527
1541
1551
1553
1568
1577
1582
1609
1653
1720
1829
1949
2103
2255
2413
2539
2654
2727
2771
2749
2707
2621
2509
2363
2219
2075
1939
1801
1689
1587
1502
1449
1397
1369
1357
1353
1357
1379
1419
1461
1509
1565
1623
1676
1726
1766
1791
1806
1813
1817
1801
1779
1771
1752
1715
1698
1669
1635
1617
1568
1545
1517
1499
1480
1492
1509
1549
1624
1715
1835
1971
2109
2239
2364
2451
2505
2524
2518
2457
2379
2285
2166
2055
1925
1817
1711
1615
1528
1481
1430
1415
1404
1423
1455
1485
1515
1547
1593
1621
1641
1684
1702
1726
1758
1773
1784
1779
1755
1747
1721
1703
1672
1646
1629
1608
1581
1573
1555
1547
1532
1544
1551
1575
1614
1684
1788
1915
2065
2207
2363
2491
2591
2659
2685
2671
2611
2516
2403
2264
2126
1997
1869
1739
1613
1511
1437
1387
1362
1369
1369
1395
1429
1461
1502
1555
1599
1647
1703
1755
1784
1821
1833
1838
1831
1819
1799
1759
1721
1691
1671
1635
1608
1580
1547
1519
1501
1497
1496
1509
1529
1584
1676
1797
1932
2069
2228
2365
2488
2577
2617
2623
2585
2520
2425
2313
2183
2055
1907
1771
1640
1533
1460
1386
1351
1335
1337
1352
1365
1397
1431
1471
1517
1572
1613
1661
1690
1737
1763
1773
1773
1771
1771
1769
1763
1753
1739
1708
1688
1661
1637
1610
1579
1559
1543
1540
1541
1582
1643
1727
1840
1982
2139
2275
2413
2524
2605
2651
2664
2645
2581
2479
2351
2211
2079
1940
1791
1679
1578
1495
1437
1398
1373
1371
1370
1397
1421
1451
1494
1559
1611
1663
1708
1753
1779
1807
1811
1817
1818
1811
1789
1783
1759
1733
1703
1684
1651
1629
1608
1611
1607
1599
1597
1629
1663
1727
1827
1945
2091
2233
2373
2501
2611
2676
2706
2695
2633
2543
2428
2309
2175
2039
1901
1775
1683
1592
1513
1461
1432
1403
1403
1420
1429
1467
1515
1559
1607
1655
1691
1737
1759
1791
1812
1831
1833
1843
1829
1823
1805
1781
1737
1708
1675
1635
1600
1581
1560
1541
1529
1546
1579
1622
1701
1805
1937
2090
2239
2397
2537
2641
2707
2734
2730
2670
2578
2467
2328
2171
2029
1897
1775
1670
1581
1511
1464
1433
1415
1420
1431
1455
1501
1557
1619
1675
1723
1781
1821
1849
1877
1897
1900
1885
1875
1849
1827
1788
1751
1718
1688
1651
1620
1599
1589
1564
1554
1555
1565
1593
1654
1739
1861
1997
2156
2319
2473
2597
2705
2773
2791
2763
2683
2587
2464
2325
2183
2037
1899
1767
1651
1560
1486
1433
1404
1391
1405
1439
1467
1519
1567
1619
1661
1725
1775
1818
1856
1886
1909
1912
1913
1909
1893
1869
1843
1811
1774
1739
1707
1673
1640
1615
1595
1577
1559
1565
1594
1657
1747
1855
2003
2157
2328
2485
2623
2735
2797
2807
2773
2709
2605
2485
2341
2203
2075
1947
1821
1735
1651
1575
1530
1519
1527
1553
1587
1635
1700
1751
1798
1853
1901
1943
1979
2007
2012
1999
1975
1951
1927
1895
1853
1820
1786
1747
1708
1684
1655
1613
1587
1571
1565
1557
1567
1609
1677
1781
1913
2067
2227
2387
2515
2629
2708
2735
2711
2671
2584
2469
2336
2206
2068
1927
1785
1663
1563
1491
1416
1399
1385
1395
1430
1493
1556
1611
1661
1719
1783
1823
1866
1903
1939
1957
1949
1943
1913
1876
1821
1771
1739
1689
1640
1611
1589
1557
1529
1529
1523
1544
1596
1701
1837
2009
2191
2389
2568
2715
2827
2904
2903
2848
2759
2639
2501
2339
2172
2022
1871
1725
1605
1511
1439
1390
1365
1369
1395
1445
1507
1579
1643
1709
1780
1837
1893
1917
1928
1935
1925
1915
1895
1867
1831
1788
1745
1711
1677
1647
1618
1597
1591
1579
1568
1591
1648
1750
1877
2039
2236
2440
2645
2838
3015
3127
3172
3144
3053
2909
2735
2569
2381
2199
2025
1869
1751
1645
1551
1506
1461
1455
1467
1488
1528
1575
1624
1677
1739
1799
1848
1896
1917
1943
1957
1959
1939
1925
1897
1867
1847
1817
1789
1768
1726
1685
1648
1623
1605
1579
1596
1639
1721
1831
1995
2187
2388
2619
2851
3055
3239
3355
3391
3348
3218
3051
2871
2695
2515
2349
2187
2053
1930
1815
1715
1653
1612
1577
1561
1565
1589
1623
1669
1723
1767
1812
1843
1886
1911
1933
1949
1961
1959
1944
1918
1899
1863
1823
1771
1727
1693
1661
1628
1597
1573
1555
1541
1541
1527
1544
1557
1615
1711
1851
2035
2253
2495
2745
2985
3205
3373
3455
3463
3373
3228
3047
2846
2665
2469
2281
2119
1973
1851
1747
1652
1589
1542
1508
1493
1500
1523
1553
1607
1657
1707
1759
1807
1845
1893
1915
1929
1943
1941
1929
1917
1896
1875
1839
1799
1770
1740
1707
1647
1619
1592
1563
1531
1525
1523
1508
1503
1511
1517
1531
1529
1555
1563
1566
1575
1587
1577
1578
1557
1549
1567
1591
1669
1791
1944
2152
2393
2641
2897
3145
3365
3533
3593
3551
3411
3219
2995
2765
2524
2317
2119
1944
1785
1662
1575
1485
1433
1415
1395
1402
1437
1479
1529
1589
1643
1709
1779
1832
1879
1918
1943
1955
1956
1945
1925
1891
1848
1824
1788
1769
1739
1711
1681
1653
1621
1609
1587
1577
1556
1559
1559
1561
1559
1571
1561
1553
1559
1565
1571
1567
1556
1574
1565
1556
1573
1596
1654
1751
1890
2063
2248
2447
2651
2827
2969
3055
3081
3046
2943
2804
2649
2479
2318
2155
1989
1845
1716
1614
1519
1485
1433
1407
1404
1443
1462
1500
1542
1580
1637
1691
1740
1797
1832
1853
1881
1886
1878
1856
1818
1790
1754
1736
1696
1663
1623
1588
1565
1547
1526
1513
1496
1485
1478
1463
1455
1463
1456
1463
1461
1483
1467
1469
1462
1464
1503
1560
1636
1740
1875
2031
2201
2361
2507
2636
2719
2765
2767
2715
2623
2501
2360
2200
2032
1894
1753
1621
1495
1417
1357
1319
1303
1301
1311
1339
1371
1436
1501
1575
1657
1723
1783
1836
1855
1883
1879
1853
1818
1787
1753
1735
1703
1676
1653
1613
1583
1559
1531
1512
1500
1483
1468
1466
1455
1447
1451
1451
1453
1465
1495
1547
1620
1722
1870
2011
2175
2335
2479
2587
2647
2665
2654
2587
2488
2375
2232
2089
1941
1807
1691
1588
1483
1422
1357
1315
1294
1311
1333
1363
1414
1467
1542
1611
1675
1727
1771
1817
1837
1851
1851
1839
1817
1783
1757
1711
1682
1646
1623
1595
1568
1547
1525
1494
1497
1479
1479
1479
1491
1527
1563
1624
1711
1828
1979
2139
2295
2444
2589
2697
2771
2803
2783
2725
2616
2484
2343
2195
2037
1908
1801
1691
1599
1528
1469
1423
1399
1398
1399
1427
1449
1497
1557
1624
1679
1737
1806
1846
1881
1897
1907
1915
1892
1883
1855
1835
1800
1773
1743
1706
1672
1638
1607
1583
1564
1553
1549
1533
1527
1553
1598
1663
1772
1901
2069
2251
2419
2580
2716
2821
2871
2895
2847
2767
2661
2541
2406
2264
2125
2004
1899
1786
1701
1635
1579
1547
1516
1500
1511
1513
1541
1560
1599
1631
1659
1707
1747
1775
1813
1836
1866
1879
1874
1875
1863
1843
1816
1789
1769
1739
1708
1689
1669
1639
1634
1617
1611
1599
1591
1607
1645
1709
1806
1928
2087
2251
2419
2577
2719
2829
2903
2935
2923
2855
2743
2617
2463
2315
2152
2011
1899
1791
1704
1631
1567
1523
1495
1485
1469
1485
1490
1502
1555
1593
1641
1709
1769
1821
1864
1907
1918
1926
1915
1903
1875
1844
1817
1787
1761
1715
1679
1659
1637
1611
1580
1577
1563
1561
1561
1567
1589
1639
1723
1845
1993
2163
2333
2493
2659
2783
2871
2919
2921
2871
2775
2665
2521
2363
2207
2063
1931
1812
1693
1614
1551
1498
1464
1454
1448
1451
1477
1501
1543
1581
1623
1671
1711
1763
1811
1844
1854
1877
1871
1869
1867
1851
1834
1821
1806
1781
1752
1735
1720
1701
1675
1663
1655
1656
1629
1637
1630
1656
1717
1813
1935
2079
2247
2408
2581
2723
2813
2885
2887
2843
2757
2647
2515
2367
2215
2067
1939
1800
1683
1591
1503
1448
1435
1436
1445
1477
1499
1531
1589
1629
1675
1727
1781
1821
1849
1883
1903
1908
1892
1869
1848
1813
1786
1757
1735
1707
1686
1677
1671
1659
1640
1625
1622
1610
1599
1624
1655
1717
1812
1943
2087
2229
2368
2508
2630
2719
2776
2794
2772
2709
2604
2479
2343
2203
2057
1916
1797
1685
1593
1544
1484
1448
1437
1439
1459
1491
1527
1587
1646
1701
1757
1804
1837
1865
1885
1896
1885
1877
1849
1839
1820
1803
1765
1749
1725
1703
1683
1662
1641
1615
1583
1561
1558
1573
1611
1686
1805
1943
2083
2264
2426
2569
2683
2761
2797
2781
2723
2623
2495
2351
2208
2075
1949
1831
1724
1635
1582
1519
1481
1453
1432
1447
1467
1529
1605
1671
1746
1813
1875
1929
1958
1983
1995
1992
1984
1959
1932
1896
1839
1805
1766
1733
1690
1669
1647
1627
1609
1608
1599
1595
1611
1657
1749
1865
2009
2185
2367
2543
2706
2835
2915
2953
2927
2867
2779
2659
2511
2377
2226
2089
1963
1861
1763
1685
1627
1591
1583
1581
1581
1613
1637
1673
1719
1769
1813
1862
1901
1947
1973
1993
1983
1994
1975
1959
1933
1899
1869
1831
1781
1759
1735
1715
1687
1676
1657
1651
1653
1679
1722
1819
1933
2087
2275
2467
2659
2834
2989
3095
3155
3149
3079
2969
2827
2671
2509
2347
2198
2071
1949
1847
1757
1707
1661
1637
1623
1629
1655
1676
1702
1733
1751
1800
1834
1879
1908
1941
1951
1962
1972
1963
1951
1933
1913
1887
1861
1831
1805
1785
1763
1745
1720
1709
1679
1671
1647
1637
1653
1692
1767
1883
2027
2213
2413
2620
2829
3001
3146
3231
3255
3227
3131
2992
2837
2670
2515
2357
2205
2076
1951
1851
1773
1722
1677
1644
1626
1624
1643
1661
1691
1717
1743
1779
1820
1865
1900
1931
1951
1967
1973
1967
1956
1938
1909
1875
1833
1805
1779
1740
1710
1692
1683
1671
1655
1655
1643
1651
1639
1658
1671
1701
1767
1869
2015
2195
2380
2582
2775
2939
3103
3187
3217
3183
3100
2971
2821
2657
2485
2321
2159
2009
1882
1773
1691
1629
1589
1566
1563
1579
1612
1651
1705
1753
1819
1892
1939
1983
2024
2057
2083
2075
2065
2041
2005
1973
1929
1895
1853
1807
1771
1739
1717
1693
1669
1659
1635
1625
1615
1623
1611
1617
1619
1639
1689
1764
1881
2029
2205
2391
2588
2772
2939
3077
3149
3173
3133
3043
2902
2757
2590
2409
2247
2096
1955
1837
1738
1647
1579
1517
1472
1450
1453
1480
1514
1576
1639
1719
1783
1848
1909
1955
1977
1999
2007
1991
1971
1945
1911
1874
1827
1798
1759
1721
1685
1653
1631
1614
1611
1608
1617
1612
1618
1629
1653
1685
1741
1824
1949
2116
2293
2477
2663
2825
2951
3033
3055
3021
2924
2797
2645
2491
2329
2181
2029
1897
1773
1683
1597
1553
1508
1495
1497
1511
1529
1562
1607
1645
1689
1751
1798
1843
1876
1899
1911
1911
1897
1893
1869
1843
1809
1783
1752
1723
1689
1659
1641
1625
1617
1611
1607
1590
1581
1579
1595
1635
1695
1791
1930
2076
2253
2412
2571
2707
2793
2838
2843
2805
2703
2588
2451
2299
2151
2011
1886
1757
1651
1565
1493
1447
1414
1397
1399
1427
1468
1542
1609
1675
1733
1783
1833
1875
1908
1932
1947
1941
1920
1913
1893
1847
1811
1763
1711
1677
1643
1614
1597
1579
1553
1531
1515
1513
1543
1599
1701
1831
1992
2169
2351
2517
2665
2789
2855
2891
2855
2781
2671
2535
2365
2217
2060
1913
1781
1669
1572
1479
1423
1384
1373
1367
1386
1431
1485
1551
1611
1672
1739
1789
1833
1870
1891
1902
1893
1886
1877
1838
1805
1775
1742
1709
1673
1633
1611
1586
1559
1547
1529
1524
1556
1621
1717
1839
1997
2175
2373
2568
2731
2876
2973
2996
2976
2906
2797
2653
2487
2333
2168
2023
1891
1783
1677
1593
1511
1471
1455
1449
1449
1493
1540
1588
1644
1703
1756
1800
1839
1875
1883
1883
1875
1862
1853
1835
1812
1803
1777
1756
1723
1699
1685
1658
1634
1623
1611
1600
1619
1660
1743
1853
2007
2189
2393
2601
2799
2982
3123
3187
3183
3122
3005
2852
2695
2523
2345
2181
2020
1885
1775
1678
1593
1557
1529
1519
1528
1553
1580
1627
1672
1720
1780
1835
1875
1907
1931
1933
1945
1949
1948
1939
1915
1895
1867
1835
1799
1767
1727
1695
1670
1643
1640
1617
1615
1641
1693
1789
1930
2103
2293
2503
2717
2911
3092
3205
3257
3241
3171
3035
2874
2707
2521
2351
2195
2057
1911
1781
1673
1597
1530
1493
1471
1487
1497
1517
1565
1613
1672
1725
1779
1824
1881
1902
1919
1929
1932
1907
1881
1869
1844
1821
1787
1757
1725
1685
1651
1619
1591
1567
1557
1531
1527
1579
1657
1787
1960
2163
2395
2635
2866
3087
3261
3383
3427
3380
3257
3091
2931
2735
2534
2351
2187
2019
1873
1758
1652
1576
1512
1495
1485
1496
1513
1558
1611
1658
1717
1767
1813
1855
1885
1909
1919
1927
1900
1887
1863
1823
1783
1742
1699
1651
1613
1578
1566
1541
1519
1515
1513
1525
1557
1623
1711
1869
2063
2282
2535
2780
3022
3243
3412
3512
3515
3439
3277
3052
2828
2605
2396
2189
1997
1842
1701
1577
1486
1423
1387
1368
1365
1390
1427
1480
1540
1595
1655
1704
1763
1819
1871
1901
1913
1917
1928
1901
1876
1847
1819
1787
1763
1752
1709
1683
1651
1621
1606
1589
1595
1643
1728
1863
2039
2231
2453
2679
2891
3087
3221
3293
3279
3205
3078
2901
2712
2519
2319
2117
1917
1757
1627
1507
1407
1359
1315
1317
1331
1368
1420
1491
1559
1625
1709
1774
1823
1875
1907
1917
1931
1931
1901
1871
1831
1782
1737
1686
1631
1598
1560
1523
1492
1486
1451
1448
1463
1527
1637
1788
1991
2220
2461
2699
2925
3113
3238
3287
3244
3147
2991
2815
2607
2414
2207
2017
1831
1677
1541
1430
1327
1304
1279
1285
1299
1337
1387
1451
1515
1591
1661
1726
1779
1828
1869
1897
1901
1900
1875
1837
1815
1775
1741
1687
1644
1609
1567
1531
1503
1487
1486
1496
1515
1591
1689
1839
2021
2232
2458
2668
2847
2997
3098
3127
3081
2973
2825
2653
2455
2267
2075
1892
1723
1592
1481
1387
1319
1277
1268
1275
1299
1326
1386
1437
1499
1577
1643
1717
1768
1805
1823
1849
1837
1837
1828
1805
1763
1739
1705
1658
1630
1599
1573
1549
1509
1493
1482
1479
1468
1493
1555
1643
1775
1945
2131
2329
2516
2684
2828
2917
2955
2927
2845
2713
2547
2375
2187
1996
1813
1653
1540
1422
1334
1273
1247
1223
1235
1269
1311
1367
1433
1527
1605
1683
1747
1805
1839
1864
1875
1877
1865
1839
1815
1779
1753
1719
1683
1657
1629
1603
1574
1561
1553
1523
1517
1525
1548
1605
1719
1855
2019
2200
2379
2541
2685
2776
2829
2813
2749
2651
2502
2356
2191
2023
1866
1720
1584
1465
1365
1299
1244
1211
1205
1241
1285
1341
1415
1499
1565
1631
1688
1721
1764
1783
1798
1803
1797
1779
1755
1735
1692
1653
1618
1583
1557
1541
1519
1501
1495
1489
1495
1513
1555
1621
1721
1863
2031
2215
2392
2569
2713
2823
2888
2904
2853
2763
2635
2484
2325
2153
1989
1836
1689
1573
1482
1417
1373
1351
1333
1359
1387
1435
1482
1543
1604
1646
1705
1766
1819
1837
1861
1865
1865
1844
1822
1789
1770
1741
1711
1691
1670
1645
1605
1592
1575
1560
1529
1533
1555
1598
1681
1785
1937
2124
2316
2493
2675
2824
2935
3005
3019
2981
2891
2771
2615
2451
2267
2111
1973
1835
1707
1604
1529
1469
1437
1431
1437
1451
1482
1510
1568
1623
1662
1719
1768
1805
1848
1883
1896
1911
1901
1897
1879
1839
1806
1783
1747
1707
1674
1652
1627
1604
1568
1556
1543
1543
1555
1605
1691
1813
1989
2173
2379
2581
2751
2908
3032
3103
3103
3059
2956
2808
2648
2479
2303
2131
1967
1838
1739
1631
1565
1510
1469
1466
1469
1496
1517
1557
1593
1639
1691
1750
1788
1837
1877
1910
1932
1944
1942
1932
1901
1883
1851
1813
1767
1727
1687
1647
1608
1584
1559
1559
1532
1519
1523
1545
1582
1653
1763
1903
2089
2287
2490
2695
2871
3016
3117
3135
3096
2983
2840
2667
2485
2311
2141
1992
1845
1721
1629
1556
1495
1461
1439
1439
1449
1480
1511
1567
1621
1691
1763
1821
1866
1899
1932
1932
1931
1931
1913
1883
1850
1819
1787
1751
1712
1685
1651
1627
1608
1591
1577
1565
1546
1546
1561
1579
1614
1684
1773
1913
2087
2279
2473
2668
2851
2997
3103
3125
3092
3005
2885
2731
2551
2377
2191
2011
1837
1693
1589
1492
1419
1381
1364
1355
1385
1429
1483
1541
1600
1671
1725
1798
1839
1885
1913
1917
1919
1911
1891
1863
1830
1787
1769
1727
1695
1671
1644
1610
1591
1573
1553
1527
1514
1514
1543
1596
1684
1815
1979
2168
2381
2585
2786
2966
3097
3151
3145
3063
2934
2777
2597
2397
2205
2029
1863
1703
1564
1469
1385
1335
1305
1299
1328
1384
1460
1543
1615
1700
1769
1839
1899
1939
1949
1950
1927
1907
1886
1867
1827
1787
1746
1705
1657
1620
1581
1557
1525
1507
1491
1483
1489
1513
1575
1670
1807
1991
2202
2425
2652
2867
3067
3213
3279
3261
3171
3032
2847
2651
2447
2248
2067
1887
1739
1615
1493
1395
1325
1307
1319
1342
1395
1459
1529
1614
1691
1767
1816
1879
1920
1957
1971
1979
1965
1948
1914
1869
1833
1785
1737
1691
1641
1615
1579
1559
1543
1525
1519
1526
1544
1592
1659
1776
1945
2155
2387
2623
2855
3061
3243
3341
3355
3293
3163
2984
2771
2572
2373
2167
1973
1805
1656
1529
1433
1365
1325
1303
1316
1355
1401
1455
1517
1605
1675
1741
1781
1867
1913
1945
1949
1951
1941
1919
1885
1852
1817
1769
1725
1695
1641
1599
1563
1545
1514
1509
1493
1508
1517
1549
1599
1705
1853
2041
2278
2539
2811
3112
3389
3635
3781
3820
3730
3555
3321
3077
2813
2589
2374
2172
1991
1833
1703
1579
1483
1421
1397
1396
1388
1407
1451
1497
1557
1611
1672
1733
1786
1833
1869
1891
1891
1885
1865
1847
1807
1777
1740
1699
1660
1629
1589
1557
1511
1481
1459
1433
1415
1403
1418
1428
1459
1547
1673
1847
2077
2328
2611
2891
3167
3427
3626
3721
3686
3551
3347
3095
2843
2605
2393
2183
1977
1811
1669
1545
1439
1375
1325
1306
1295
1304
1334
1383
1445
1509
1584
1657
1727
1799
1836
1871
1876
1875
1863
1828
1775
1739
1704
1661
1628
1597
1571
1533
1509
1494
1486
1464
1452
1451
1447
1445
1440
1448
1467
1511
1592
1724
1896
2119
2359
2620
2871
3115
3303
3430
3439
3356
3199
2998
2781
2543
2303
2091
1885
1700
1546
1419
1309
1237
1179
1163
1173
1199
1243
1307
1389
1467
1560
1645
1719
1789
1833
1853
1879
1881
1855
1819
1787
1739
1695
1653
1607
1567
1517
1487
1449
1429
1397
1391
1383
1385
1389
1397
1413
1445
1518
1631
1784
1975
2196
2425
2663
2889
3095
3231
3285
3248
3131
2967
2763
2539
2315
2104
1887
1691
1517
1385
1263
1180
1115
1106
1111
1140
1188
1270
1357
1455
1561
1661
1751
1811
1844
1871
1877
1849
1815
1785
1750
1699
1639
1597
1555
1501
1463
1433
1403
1391
1379
1380
1365
1369
1374
1400
1427
1495
1611
1763
1962
2195
2451
2683
2926
3132
3278
3352
3323
3207
3017
2811
2599
2363
2147
1939
1743
1573
1431
1320
1236
1172
1140
1141
1175
1203
1269
1327
1407
1485
1572
1655
1725
1785
1820
1849
1867
1865
1838
1820
1797
1758
1716
1683
1642
1589
1549
1498
1485
1459
1440
1437
1429
1420
1419
1451
1499
1592
1739
1941
2175
2431
2707
2967
3219
3421
3537
3561
3477
3301
3068
2837
2601
2376
2143
1950
1767
1608
1469
1385
1302
1251
1224
1222
1235
1261
1304
1357
1415
1484
1561
1635
1703
1759
1789
1821
1827
1821
1805
1773
1755
1717
1676
1637
1593
1555
1507
1479
1455
1445
1437
1435
1437
1423
1426
1449
1471
1541
1639
1785
1980
2207
2457
2719
2981
3225
3435
3538
3530
3444
3257
3037
2821
2586
2351
2153
1951
1763
1605
1479
1375
1307
