1813
1819
1821
1821
1817
1819
1821
1817
1815
1821
1823
1829
1827
1837
1848
1851
1851
1864
1867
1873
1869
1876
1877
1875
1879
1883
1890
1895
1901
1925
1947
1975
2009
2059
2104
2159
2199
2245
2275
2292
2287
2280
2262
2223
2181
2137
2089
2035
1979
1943
1899
1864
1823
1798
1773
1751
1736
1725
1732
1743
1749
1771
1787
1815
1835
1865
1884
1900
1913
1919
1911
1907
1885
1877
1855
1836
1816
1804
1785
1775
1759
1757
1752
1749
1741
1747
1739
1741
1738
1747
1753
1757
1767
1784
1801
1819
1832
1851
1874
1893
1897
1912
1928
1931
1935
1950
1964
1989
2007
2041
2077
2111
2151
2183
2204
2223
2221
2229
2219
2201
2169
2145
2108
2075
2028
2003
1959
1931
1898
1881
1863
1849
1837
1840
1843
1851
1863
1875
1892
1901
1901
1916
1927
1935
1934
1941
1940
1930
1925
1925
1913
1901
1893
1885
1879
1877
1864
1865
1855
1855
1847
1853
1853
1854
1855
1867
1877
1884
1886
1899
1901
1909
1900
1902
1898
1891
1881
1883
1883
1895
1908
1941
1977
2023
2067
2111
2147
2173
2187
2199
2196
2181
2152
2131
2105
2073
2038
2021
1997
1979
1961
1955
1943
1935
1927
1933
1939
1943
1943
1958
1963
1973
1972
1977
1977
1973
1959
1947
1935
1917
1895
1885
1875
1862
1844
1828
1822
1820
1810
1814
1811
1814
1816
1821
1831
1843
1847
1859
1869
1877
1878
1891
1897
1899
1895
1897
1897
1887
1880
1883
1883
1885
1897
1931
1966
2012
2069
2127
2184
2233
2267
2295
2310
2302
2285
2260
2229
2187
2139
2101
2065
2024
1983
1960
1931
1912
1895
1891
1881
1883
1877
1891
1877
1907
1917
1939
1950
1961
1963
1974
1975
1972
1961
1955
1947
1932
1915
1909
1908
1898
1887
1891
1885
1889
1884
1891
1895
1893
1891
1895
1899
1903
1903
1907
1915
1909
1917
1927
1933
1934
1929
1934
1931
1931
1918
1917
1911
1907
1899
1911
1932
1951
1993
2041
2103
2153
2205
2261
2293
2315
2323
2319
2301
2279
2247
2216
2186
2159
2116
2092
2063
2029
1997
1976
1957
1934
1916
1910
1901
1899
1895
1899
1903
1909
1911
1919
1916
1926
1915
1925
1913
1911
1895
1891
1880
1875
1855
1854
1847
1839
1831
1833
1831
1827
1827
1832
1835
1835
1837
1847
1852
1863
1865
1875
1883
1891
1893
1900
1903
1903
1900
1903
1907
1902
1895
1895
1895
1885
1875
1874
1863
1851
1838
1839
1831
1833
1830
1835
1839
1855
1880
1925
1971
2037
2103
2180
2245
2296
2339
2373
2383
2376
2351
2331
2297
2257
2206
2167
2125
2087
2037
2011
1977
1951
1918
1903
1887
1875
1862
1852
1863
1863
1868
1882
1897
1908
1914
1930
1933
1941
1931
1939
1933
1931
1916
1911
1899
1887
1871
1869
1865
1852
1845
1847
1845
1839
1835
1839
1839
1836
1836
1843
1839
1842
1834
1835
1835
1837
1831
1835
1835
1833
1831
1837
1837
1839
1835
1835
1837
1843
1838
1847
1853
1855
1855
1863
1863
1866
1864
1869
1865
1869
1867
1869
1865
1867
1855
1864
1863
1867
1877
1901
1938
1977
2031
2100
2159
2219
2271
2315
2344
2351
2347
2335
2311
2271
2229
2190
2147
2105
2060
2023
1995
1965
1939
1913
1895
1877
1855
1848
1839
1837
1832
1836
1838
1847
1849
1863
1863
1869
1867
1875
1871
1871
1861
1853
1847
1834
1820
1814
1801
1786
1775
1772
1773
1767
1769
1773
1775
1780
1781
1789
1789
1801
1799
1807
1817
1823
1833
1903
2147
2869
4032
4040
4040
4045
4043
4045
4043
4043
4045
4045
4047
4045
4041
4041
4043
4043
4045
4045
4043
4044
4044
4043
4043
4047
4040
4043
4041
4041
4043
4043
4040
4037
4039
4043
4043
4039
4036
4040
4039
4041
4030
4039
4037
4039
4037
4038
4037
4036
4037
4040
4031
3510
2968
2554
2200
1905
1672
1513
1413
1368
1364
1400
1453
1531
1619
1709
1798
1869
1933
1983
2029
2065
2074
2085
2084
2073
2045
2023
1993
1965
1935
1907
1879
1847
1823
1811
1801
1787
1783
1789
1799
1811
1810
1817
1831
1843
1845
1848
1851
1847
1835
1827
1813
1802
1799
1804
1815
1834
1851
1881
1911
1946
1967
1999
2023
2045
2069
2089
2103
2117
2129
2139
2142
2147
2150
2159
2165
2170
2170
2185
2199
2203
2207
2217
2220
2229
2222
2223
2220
2217
2207
2203
2199
2191
2173
2167
2151
2137
2119
2107
2095
2087
2071
2063
2043
2037
2025
2021
2008
2005
2000
2001
1996
1996
1997
2005
2011
2018
2021
2029
2037
2039
2039
2042
2041
2039
2028
2023
2011
1998
1976
1967
1958
1945
1933
1929
1929
1928
1919
1928
1939
1945
1947
1957
1967
1980
1983
1995
1995
1999
1998
1999
1993
1992
1979
1988
1983
1980
1979
1989
1991
1991
1993
2003
2005
2007
2010
2019
2026
2039
2053
2075
2095
2131
2159
2203
2245
2285
2319
2355
2393
2418
2429
2441
2443
2439
2415
2389
2343
2291
2231
2185
2137
2101
2065
2035
2003
1975
1950
1940
1933
1941
1945
1951
1931
1880
1790
1679
1530
1366
1208
1099
1031
995
985
983
969
952
949
988
1047
1107
1135
1071
751
37
0
0
0
0
0
0
0
0
0
0
0
0
0
0
0
0
0
0
0
0
0
0
0
0
0
0
0
0
0
0
0
0
0
0
0
0
0
0
0
0
0
0
0
0
230
599
933
1225
1477
1678
1835
1955
2035
2093
2137
2175
2279
2347
2501
3007
4030
4040
4037
4043
4039
4041
4042
4045
4045
4044
4044
4050
4045
4044
4038
4044
4029
4029
4030
4028
4024
4027
4025
2285
755
0
0
0
0
0
0
0
0
0
0
0
0
0
0
0
0
0
0
0
0
0
0
0
0
0
0
0
0
0
28
376
812
1606
3093
4041
4043
4041
4043
4045
4044
4046
4051
4053
4046
4051
4051
4050
4047
4047
4051
4051
4045
4047
4050
4047
4052
4051
4053
4053
4047
4052
4051
4051
4050
4051
4051
4051
4046
4047
4045
4052
4043
4051
4045
4049
4044
4047
4047
4046
4045
4047
4047
4045
4043
4051
4047
4044
4045
4043
4047
4045
4041
4043
4047
4045
4043
4044
4041
4045
4046
4041
4043
4043
4039
4042
4043
4043
4043
4043
4043
4039
3352
2905
2533
2215
1943
1736
1579
1479
1419
1402
1415
1451
1501
1575
1641
1708
1771
1833
1884
1927
1959
1993
2012
2027
2031
2039
2035
2028
2019
2013
2009
2003
1992
1992
1991
1983
1974
1977
1981
1981
1976
1979
1981
1977
1972
1964
1957
1941
1915
1898
1867
1837
1799
1763
1712
1661
1597
1531
1457
1386
1316
1247
1157
1054
969
924
917
940
1001
1087
1189
1295
1403
1509
1607
1692
1765
1833
1885
1935
1967
1999
2027
2035
2031
2031
2036
2027
2013
2011
2007
2005
2002
2007
2013
2025
2037
2067
2087
2111
2139
2169
2198
2221
2245
2265
2271
2271
2254
2231
2199
2153
2109
2080
2055
2037
2031
2038
2055
2063
2075
2095
2105
2117
2115
2115
2106
2089
2055
2020
1967
1908
1835
1767
1699
1635
1571
1523
1493
1469
1453
1448
1433
1416
1381
1340
1277
1205
1106
981
825
681
575
549
571
633
659
601
360
0
0
0
0
0
0
0
0
0
0
0
0
0
0
0
0
0
0
0
0
0
0
0
0
0
0
0
0
0
0
0
0
0
0
0
0
0
0
0
0
0
0
0
153
490
809
1096
1339
1541
1691
1805
1884
1915
1925
1914
1881
1837
1783
1741
1695
1653
1619
1595
1577
1563
1548
1548
1549
1555
1553
1565
1580
1591
1596
1621
1635
1649
1657
1683
1693
1715
1727
1753
1767
1787
1801
1821
1829
1837
1847
1863
1870
1871
1877
1885
1895
1892
1903
1913
1927
1943
1955
1977
2002
2029
2054
2080
2106
2129
2147
2165
2174
2195
2199
2219
2239
2267
2287
2319
2349
2368
2386
2395
2397
2387
2364
2347
2317
2287
2249
2217
2175
2141
2109
2091
2063
2031
2011
1995
1980
1972
1960
1959
1959
1963
1960
1971
1975
1979
1976
1983
1983
1978
1971
1971
1957
1944
1925
1911
1899
1883
1865
1849
1833
1819
1805
1799
1791
1787
1783
1797
1800
1812
1817
1834
1839
1847
1852
1861
1865
1865
1863
1867
1867
1863
1853
1861
1855
1851
1849
1852
1863
1865
1883
1913
1945
1988
2025
2083
2133
2173
2211
2244
2263
2275
2269
2264
2251
2231
2199
2166
2142
2116
2072
2043
2011
1991
1960
1935
1897
1849
1785
1737
1684
1651
1626
1637
1655
1692
1747
1809
1881
1950
2015
2083
2129
2163
2183
2199
2199
2189
2167
2151
2127
2103
2069
2043
2021
1997
1971
1955
1939
1917
1899
1891
1881
1875
1861
1851
1843
1835
1820
1814
1804
1803
1791
1787
1779
1783
1774
1781
1783
1789
1789
1807
1811
1819
1830
1847
1869
1886
1913
1949
1975
1995
1995
1996
1979
1949
1907
1867
1817
1772
1723
1701
1676
1659
1653
1663
1685
1708
1737
1774
1817
1855
1885
1917
1957
1981
2006
2027
2045
2067
2071
2084
2077
2073
2053
2035
2011
1983
1949
1927
1893
1855
1823
1803
1773
1751
1727
1715
1689
1663
1631
1613
1587
1565
1542
1529
1527
1525
1531
1555
1575
1595
1619
1641
1672
1691
1711
1739
1757
1773
1775
1787
1799
1803
1811
1821
1831
1847
1854
1875
1883
1895
1895
1909
1907
1913
1924
1941
1965
2002
2045
2105
2157
2207
2259
2299
2331
2349
2347
2348
2331
2303
2267
2235
2195
2151
2100
2063
2013
1977
1943
1917
1907
1901
1899
1908
1927
1941
1959
1977
1998
2019
2025
2031
2025
2019
1999
1975
1951
1928
1893
1874
1845
1815
1787
1771
1750
1733
1719
1711
1703
1696
1694
1700
1707
1707
1706
1715
1721
1728
1727
1747
1755
1759
1757
1769
1773
1779
1779
1783
1785
1787
1785
1791
1792
1797
1791
1801
1801
1811
1813
1831
1849
1881
1917
1975
2037
2107
2181
2257
2322
2378
2415
2453
2469
2451
2424
2389
2343
2285
2229
2183
2132
2086
2035
2005
1975
1949
1927
1919
1913
1913
1909
1913
1926
1926
1928
1929
1927
1927
1909
1907
1896
1891
1879
1876
1865
1864
1854
1863
1861
1864
1860
1866
1855
1853
1847
1848
1845
1837
1837
1847
1851
1861
1871
1889
1907
1920
1933
1959
1967
1988
1995
2011
2023
2030
2031
2031
2037
2031
2019
2021
2011
2006
1993
1983
1992
1995
2009
2036
2073
2117
2157
2208
2255
2297
2328
2349
2355
2355
2335
2319
2286
2251
2211
2185
2151
2116
2085
2057
2024
1999
1976
1969
1963
1957
1951
1957
1965
1974
1978
1983
1989
1991
1979
1975
1971
1961
1950
1947
1943
1944
1941
1947
1955
1957
1959
1964
1966
1967
1962
1962
1955
1945
1940
1939
1934
1929
1917
1917
1914
1909
1900
1903
1903
1896
1896
1896
1892
1887
1887
1898
1901
1913
1933
1971
2018
2065
2109
2168
2213
2255
2279
2296
2301
2297
2270
2249
2219
2184
2137
2103
2069
2031
2004
1979
1957
1944
1917
1912
1899
1897
1891
1895
1894
1895
1899
1907
1912
1915
1916
1933
1939
1939
1941
1947
1945
1941
1930
1927
1910
1904
1885
1884
1877
1868
1853
1855
1855
1847
1843
1843
1847
1847
1847
1849
1864
1865
1865
1869
1875
1879
1875
1883
1883
1882
1883
1900
1913
1947
1976
2029
2077
2131
2169
2216
2251
2268
2275
2279
2264
2237
2207
2184
2149
2109
2075
2040
2011
1981
1943
1927
1903
1885
1877
1867
1871
1875
1876
1891
1901
1913
1926
1932
1938
1947
1948
1952
1948
1949
1940
1937
1927
1915
1900
1891
1879
1871
1851
1847
1839
1829
1814
1809
1801
1785
1781
1780
1779
1785
1786
1804
1810
1819
1823
1835
1843
1845
1849
1855
1865
1879
1887
1911
1947
1983
2027
2079
2133
2175
2216
2249
2273
2283
2279
2268
2250
2219
2184
2153
2111
2080
2036
2009
1973
1947
1917
1898
1878
1855
1837
1837
1833
1829
1831
1839
1849
1855
1864
1878
1886
1895
1894
1900
1901
1893
1883
1881
1875
1865
1849
1839
1835
1836
1817
1811
1814
1803
1799
1804
1804
1805
1805
1813
1815
1817
1821
1833
1834
1845
1845
1861
1864
1867
1875
1880
1885
1881
1879
1881
1880
1875
1870
1867
1868
1861
1849
1847
1839
1838
1831
1845
1862
1885
1920
1967
2028
2100
2157
2221
2280
2323
2343
2352
2351
2333
2297
2268
2223
2185
2135
2101
2059
2027
1982
1959
1929
1907
1881
1875
1868
1862
1855
1875
1883
1891
1899
1915
1933
1940
1943
1947
1947
1939
1925
1915
1912
1895
1879
1870
1861
1847
1834
1830
1828
1822
1813
1817
1821
1828
1823
1834
1839
1845
1847
1853
1863
1869
1869
1881
1879
1883
1881
1885
1881
1877
1875
1877
1871
1863
1853
1855
1851
1845
1842
1843
1845
1847
1849
1870
1898
1939
1977
2031
2091
2142
2187
2230
2261
2279
2278
2274
2259
2231
2191
2151
2115
2077
2029
1997
1960
1931
1896
1883
1863
1851
1843
1839
1837
1847
1851
1868
1881
1891
1901
1917
1927
1929
1927
1928
1925
1914
1903
1896
1892
1881
1867
1865
1855
1853
1844
1847
1843
1843
1833
1843
1849
1851
1849
1855
1861
1865
1864
1873
1880
1885
1884
1887
1883
1890
1880
1884
1881
1879
1871
1869
1867
1866
1853
1863
1863
1874
1891
1917
1961
2008
2067
2126
2174
2229
2267
2301
2317
2319
2296
2279
2249
2211
2164
2131
2089
2055
2012
1983
1960
1934
1909
1894
1881
1873
1863
1863
1867
1869
1875
1884
1891
1901
1909
1919
1927
1931
1929
1933
1929
1919
1915
1909
1898
1885
1869
1869
1861
1849
1845
1840
1839
1839
1831
1839
1839
1845
1845
1851
1864
1867
1869
1879
1881
1883
1880
1883
1885
1885
1881
1881
1881
1879
1875
1876
1868
1871
1865
1864
1853
1851
1845
1847
1847
1845
1839
1849
1862
1875
1899
1939
1988
2045
2111
2183
2239
2297
2335
2365
2380
2377
2348
2329
2294
2253
2205
2163
2119
2075
2023
1995
1965
1940
1908
1894
1881
1871
1855
1861
1866
1873
1879
1895
1901
1916
1919
1937
1940
1945
1941
1938
1926
1915
1899
1893
1882
1868
1861
1854
1849
1839
1836
1837
1838
1843
1838
1849
1851
1851
1852
1862
1865
1865
1853
1870
1873
1875
1871
1871
1875
1871
1865
1867
1866
1866
1853
1850
1848
1839
1831
1829
1819
1816
1803
1804
1799
1801
1797
1803
1807
1811
1815
1828
1831
1833
1830
1836
1833
1829
1819
1819
1819
1815
1809
1819
1828
1843
1868
1912
1967
2031
2103
2183
2249
2310
2349
2383
2394
2392
2367
2335
2298
2254
2199
2151
2105
2067
2022
1993
1963
1946
1925
1913
1899
1897
1887
1893
1897
1893
1903
1915
1929
1939
1941
1955
1959
1957
1955
1949
1945
1935
1917
1913
1899
1886
1875
1869
1863
1853
1845
1843
1839
1839
1833
1835
1839
1837
1836
1837
1843
1843
1843
1853
1851
1863
1855
1868
1869
1870
1864
1877
1875
1879
1870
1879
1877
1870
1865
1865
1860
1847
1843
1845
1837
1833
1831
1833
1833
1831
1831
1837
1837
1845
1840
1849
1850
1851
1849
1850
1863
1864
1862
1866
1877
1893
1912
1952
2002
2059
2111
2173
2223
2271
2299
2323
2323
2315
2285
2262
2221
2180
2135
2098
2059
2021
1977
1955
1933
1907
1895
1891
1891
1894
1894
1911
1927
1932
1941
1955
1963
1971
1964
1973
1971
1963
1947
1940
1930
1911
1895
1880
1868
1851
1835
1833
1823
1815
1801
1801
1791
1797
1790
1805
1800
1811
1805
1815
1819
1817
1819
1832
1835
1837
1837
1847
1845
1843
1837
1838
1838
1833
1829
1833
1835
1838
1837
1849
1852
1855
1855
1866
1871
1875
1867
1869
1874
1875
1866
1865
1867
1867
1860
1865
1862
1868
1880
1909
1943
1984
2039
2105
2157
2217
2260
2297
2317
2319
2311
2297
2267
2221
2181
2137
2089
2041
1993
1961
1925
1895
1863
1843
1828
1823
1816
1829
1839
1855
1869
1891
1911
1929
1941
1949
1961
1965
1961
1963
1963
1950
1939
1931
1913
1903
1884
1880
1865
1855
1848
1849
1848
1844
1839
1851
1853
1849
1849
1855
1854
1852
1861
1864
1869
1869
1865
1875
1874
1871
1863
1867
1867
1863
1855
1861
1855
1851
1843
1845
1843
1837
1829
1819
1819
1813
1801
1798
1791
1787
1784
1785
1787
1800
1811
1837
1875
1925
1980
2054
2120
2183
2236
2281
2313
2318
2313
2298
2269
2224
2169
2125
2071
2021
1961
1927
1884
1850
1817
1801
1787
1783
1775
1787
1806
1823
1837
1863
1891
1912
1932
1943
1957
1962
1961
1959
1955
1949
1930
1917
1899
1883
1864
1848
1830
1821
1803
1799
1789
1781
1780
1785
1789
1791
1803
1819
1824
1835
1839
1851
1863
1865
1863
1871
1871
1869
1864
1868
1869
1862
1851
1849
1847
1843
1833
1833
1835
1822
1815
1813
1813
1806
1791
1799
1789
1789
1787
1809
1828
1867
1913
1975
2040
2105
2167
2229
2274
2301
2317
2325
2313
2281
2245
2205
2153
2105
2043
2001
1951
1903
1862
1830
1805
1783
1766
1769
1773
1783
1789
1815
1839
1854
1877
1899
1917
1933
1941
1941
1941
1939
1919
1911
1895
1885
1867
1861
1845
1833
1820
1819
1767
1801
1797
1799
1798
1803
1804
1809
1817
1817
1822
1832
1833
1837
1834
1844
1847
1848
1843
1847
1844
1843
1831
1835
1833
1834
1835
1848
1871
1900
1937
1988
2052
2109
2165
2221
2254
2285
2296
2299
2284
2265
2229
2197
2147
2103
2041
2003
1950
1903
1864
1835
1813
1789
1782
1789
1802
1813
1834
1863
1885
1910
1929
1951
1965
1973
1968
1972
1965
1957
1939
1925
1908
1891
1869
1853
1839
1829
1819
1817
1817
1816
1813
1819
1817
1823
1823
1837
1839
1847
1849
1855
1855
1863
1865
1869
1875
1875
1870
1876
1875
1877
1885
1908
1941
1974
2021
2087
2148
2205
2255
2299
2327
2343
2335
2331
2303
2275
2227
2181
2137
2095
2053
2010
1979
1950
1919
1911
1899
1885
1879
1881
1880
1893
1895
1914
1925
1939
1943
1955
1962
1959
1957
1957
1945
1931
1913
1902
1884
1868
1845
1835
1823
1818
1802
1803
1799
1801
1799
1803
1804
1813
1813
1823
1834
1844
1844
1853
1863
1867
1868
1867
1869
1875
1865
1876
1871
1874
1869
1877
1883
1909
1939
1983
2031
2095
2153
2215
2265
2301
2331
2347
2346
2333
2301
2281
2235
2190
2151
2111
2077
2037
1996
1973
1944
1918
1903
1883
1875
1869
1863
1865
1873
1879
1881
1894
1899
1910
1909
1915
1916
1914
1909
1903
1896
1890
1879
1875
1865
1854
1845
1844
1833
1831
1827
1833
1835
1835
1836
1839
1843
1844
1847
1854
1867
1869
1865
1875
1877
1876
1871
1875
1870
1873
1867
1863
1864
1864
1851
1847
1849
1847
1835
1833
1835
1837
1831
1831
1833
1837
1835
1839
1843
1848
1840
1849
1845
1838
1845
1849
1845
1848
1855
1884
1920
1974
2039
2124
2205
2281
2349
2411
2456
2485
2485
2486
2462
2425
2380
2341
2295
2249
2197
2163
2127
2093
2057
2029
2009
1990
1963
1951
1949
1949
1947
1961
1964
1978
1993
2009
2019
2029
2026
2030
2020
2007
1980
1963
1947
1925
1911
1901
1891
1869
1848
1831
1798
1781
1756
1747
1737
1720
1709
1708
1703
1699
1688
1689
1689
1692
1690
1695
1705
1711
1715
1723
1727
1735
1733
1727
1733
1727
1722
1727
1726
1737
1736
1751
1753
1757
1759
1763
1759
1765
1764
1775
1784
1789
1797
1803
1807
1801
1790
1782
1757
1726
1687
1644
1603
1554
1499
1467
1433
1399
1379
1387
1396
1433
1479
1530
1599
1657
1708
1753
1781
1791
1781
1772
1764
1747
1723
1716
1699
1703
1677
1678
1673
1683
1688
1707
1735
1759
1791
1835
1877
1911
1943
1967
1995
2008
2018
2030
2039
2053
2042
2055
2045
2030
2007
1981
1951
1910
1864
1823
1775
1725
1663
1619
1575
1527
1496
1479
1472
1483
1495
1519
1563
1611
1659
1720
1773
1837
1897
1959
2009
2070
2119
2172
2217
2249
2269
2285
2283
2267
2235
2211
2167
2110
2065
2009
1957
1900
1846
1809
1775
1754
1727
1719
1711
1703
1701
1709
1736
1767
1805
1873
1955
2044
2152
2265
2379
2473
2543
2597
2605
2585
2531
2459
2363
2266
2164
2083
1997
1939
1891
1867
1851
1844
1851
1875
1895
1916
1943
1971
1998
2028
2054
2085
2111
2136
2151
2160
2163
2155
2136
2123
2091
2063
2013
1978
1948
1916
1881
1851
1828
1805
1783
1779
1773
1771
1772
1789
1805
1828
1839
1865
1881
1895
1907
1929
1944
1955
1967
1981
1989
1989
1979
1977
1963
1933
1909
1884
1849
1819
1781
1764
1743
1733
1717
1719
1721
1727
1737
1755
1773
1789
1803
1815
1831
1837
1847
1855
1880
1907
1935
1989
2029
2089
2140
2189
2217
2235
2229
2219
2184
2147
2087
2035
1977
1913
1850
1801
1749
1707
1673
1657
1646
1643
1655
1676
1703
1725
1753
1787
1816
1844
1866
1890
1908
1925
1933
1947
1960
1967
1971
1967
1965
1960
1947
1934
1925
1908
1883
1877
1853
1837
1833
1836
1841
1853
1875
1903
1929
1971
2004
2041
2075
2093
2109
2121
2119
2101
2077
2056
2013
1974
1919
1879
1844
1797
1747
1717
1688
1670
1647
1658
1679
1724
1789
1885
2007
2139
2269
2396
2507
2597
2647
2669
2663
2630
2565
2479
2380
2269
2149
2044
1938
1843
1753
1685
1629
1587
1559
1561
1567
1589
1625
1674
1725
1785
1849
1914
1978
2032
2083
2127
2159
2181
2183
2175
2163
2135
2087
2044
1996
1944
1882
1827
1778
1733
1693
1662
1645
1637
1629
1641
1647
1663
1682
1701
1720
1750
1768
1799
1816
1839
1854
1871
1886
1887
1890
1891
1882
1871
1853
1849
1844
1844
1855
1893
1943
2009
2079
2166
2239
2314
2358
2397
2413
2407
2378
2343
2299
2246
2172
2116
2056
1993
1929
1879
1834
1799
1764
1749
1727
1733
1738
1755
1773
1803
1828
1855
1883
1901
1911
1929
1931
1919
1915
1911
1901
1885
1875
1867
1849
1839
1821
1815
1800
1780
1763
1747
1725
1717
1690
1693
1688
1683
1675
1679
1683
1685
1675
1681
1683
1675
1671
1674
1671
1671
1671
1682
1679
1692
1704
1736
1768
1819
1883
1963
2055
2136
2216
2293
2349
2379
2397
2393
2363
2317
2253
2195
2125
2056
1975
1916
1861
1807
1762
1735
1708
1692
1679
1683
1691
1711
1721
1747
1775
1799
1828
1849
1876
1895
1897
1909
1903
1899
1887
1881
1865
1844
1817
1807
1779
1768
1754
1751
1742
1735
1727
1739
1738
1737
1737
1749
1753
1759
1765
1779
1787
1800
1803
1815
1820
1829
1829
1836
1839
1849
1861
1887
1929
1982
2053
2134
2221
2315
2393
2460
2508
2532
2531
2510
2463
2415
2343
2279
2211
2137
2063
2003
1944
1891
1845
1819
1797
1780
1774
1783
1799
1817
1837
1867
1887
1909
1917
1935
1941
1939
1928
1918
1908
1897
1877
1869
1851
1838
1815
1815
1806
1801
1787
1784
1785
1784
1776
1781
1785
1785
1781
1789
1787
1791
1782
1789
1785
1787
1775
1783
1780
1783
1779
1801
1821
1851
1909
1983
2079
2183
2287
2398
2485
2555
2589
2607
2591
2547
2479
2413
2333
2251
2155
2094
2021
1965
1907
1869
1836
1807
1784
1773
1769
1769
1768
1780
1797
1812
1831
1851
1868
1889
1896
1911
1909
1909
1901
1895
1881
1861
1837
1824
1807
1797
1773
1767
1759
1781
1755
1762
1764
1769
1764
1779
1781
1796
1798
1807
1816
1823
1823
1835
1832
1834
1827
1821
1819
1815
1805
1811
1811
1819
1839
1885
1943
2019
2109
2206
2312
2404
2475
2531
2555
2555
2531
2491
2431
2361
2284
2207
2131
2055
1975
1917
1863
1807
1763
1737
1711
1707
1705
1721
1747
1773
1802
1836
1873
1897
1919
1941
1946
1944
1929
1913
1890
1864
1827
1799
1765
1742
1720
1720
1716
1725
1739
1768
1791
1833
1864
1902
1943
1973
2002
2039
2065
2079
2094
2105
2111
2109
2103
2101
2088
2074
2053
2031
2012
1989
1960
1941
1913
1894
1865
1863
1864
1885
1928
1991
2103
2227
2359
2501
2635
2746
2838
2903
2927
2925
2892
2837
2749
2659
2547
2455
2345
2253
2159
2090
2023
1967
1926
1896
1880
1867
1865
1874
1883
1885
1909
1932
1946
1961
1974
1999
2019
2039
2045
2077
2087
2088
2084
2075
2072
2063
2031
2014
1996
1971
1944
1919
1903
1891
1871
1869
1862
1853
1843
1839
1834
1833
1823
1829
1823
1815
1809
1811
1800
1785
1772
1767
1755
1739
1717
1709
1692
1677
1655
1647
1637
1631
1622
1627
1631
1645
1660
1700
1755
1831
1931
2041
2169
2295
2396
2483
2535
2553
2541
2505
2443
2363
2287
2215
2133
2067
1989
1939
1883
1846
1803
1783
1767
1757
1757
1772
1785
1805
1829
1855
1885
1909
1929
1949
1957
1957
1943
1931
1911
1895
1863
1848
1831
1815
1791
1785
1775
1765
1755
1751
1749
1741
1725
1722
1711
1705
1692
1693
1688
1689
1692
1703
1707
1721
1737
1755
1772
1787
1785
1783
1764
1727
1687
1647
1599
1555
1507
1476
1447
1433
1417
1421
1421
1433
1437
1459
1471
1493
1507
1529
1555
1581
1611
1656
1719
1799
1895
2009
2137
2265
2388
2495
2590
2651
2677
2697
2679
2651
2604
2555
2495
2447
2383
2339
2287
2249
2213
2196
2186
2173
2181
2195
2207
2217
2231
2252
2267
2283
2297
2316
2335
2348
2351
2363
2365
2361
2351
2350
2355
2351
2349
2352
2359
2362
2359
2365
2365
2379
2378
2390
2397
2407
2409
2427
2447
2475
2504
2551
2707
3161
4043
4030
4047
4051
4044
4051
4051
4050
4050
4052
4053
4051
4047
4051
4052
4051
4051
4053
4050
4053
4047
4051
4047
4049
4040
4047
4051
4043
4043
4045
4049
4049
4047
4041
4044
4046
4045
4045
4043
4044
4045
4045
4045
4045
4043
4042
4042
4040
4042
4027
3318
2846
2456
2139
1863
1647
1495
1401
1355
1339
1363
1407
1469
1546
1615
1691
1766
1831
1887
1939
1977
2007
2029
2043
2056
2058
2056
2055
2043
2036
2018
2010
1996
1983
1967
1960
1952
1951
1951
1951
1955
1963
1964
1975
1984
1992
2003
2018
2028
2040
2053
2071
2075
2084
2079
2083
2079
2073
2063
2053
2031
2025
2011
2007
1999
1991
1979
1977
1973
1966
1959
1957
1957
1951
1943
1935
1931
1919
1912
1911
1903
1902
1899
1900
1896
1897
1893
1897
1895
1897
1889
1891
1893
1891
1886
1891
1887
1891
1887
1890
1891
1890
1891
1895
1893
1895
1894
1899
1903
1907
1901
1903
1913
1915
1909
1911
1913
1916
1912
1913
1913
1915
1913
1915
1916
1915
1914
1917
1919
1919
1917
1930
1932
1933
1930
1933
1931
1939
1931
1937
1938
1939
1944
1949
1951
1949
1951
1962
1962
1960
1960
1965
1964
1961
1955
1957
1960
1959
1952
1957
1957
1959
1981
1965
1968
1972
1975
1977
1981
1981
1981
1991
1993
1998
2001
2008
2013
2020
2019
2023
2023
2027
2021
2025
2023
2019
2015
2020
2021
2019
2011
2015
2013
2009
2007
2013
2013
2015
2011
2012
2011
2013
2007
2009
2009
2007
2004
2009
2009
2009
2007
2011
2019
2015
2012
2017
2025
2030
2031
2040
2045
2065
2075
2093
2107
2125
2145
2167
2185
2199
2203
2211
2205
2195
2167
2148
2129
2103
2075
2045
2015
1977
1938
1906
1878
1851
1837
1837
1839
1843
1836
1835
1833
1823
1802
1789
1779
1769
1759
1765
1779
1801
1829
1854
1886
1917
1948
1979
2003
2025
2039
2063
2077
2091
2107
2135
2165
2200
2237
2277
2302
2329
2347
2359
2357
2349
2331
2317
2293
2266
2228
2203
2180
2156
2137
2137
2131
2138
2143
2159
2172
2183
2174
2164
2141
2103
2055
2007
1961
1915
1876
1843
1816
1783
1735
1677
1573
1413
1165
861
477
85
0
0
0
0
0
0
0
0
0
0
0
0
0
0
0
0
0
0
0
0
0
0
0
0
0
0
0
0
0
0
0
0
0
0
0
0
0
0
0
0
0
0
0
0
0
0
0
0
0
0
0
0
0
0
0
0
0
0
0
0
0
0
0
0
0
171
601
987
1341
1643
1883
2075
2199
2287
2333
2341
2316
2275
2219
2153
2079
2019
1956
1899
1848
1811
1775
1755
1739
1739
1737
1747
1750
1769
1779
1797
1805
1815
1821
1827
1823
1830
1823
1823
1822
1819
1819
1819
1813
1818
1821
1827
1822
1832
1835
1837
1837
1839
1845
1851
1849
1861
1871
1882
1890
1904
1935
1960
1983
2021
2059
2091
2107
2133
2139
2143
2135
2125
2107
2086
2055
2027
2005
1973
1946
1928
1913
1901
1894
1896
1899
1911
1915
1942
1958
1971
1981
1997
2007
2007
1996
1995
1979
1971
1947
1930
1907
1883
1853
1834
1814
1797
1779
1781
1787
1799
1811
1829
1845
1869
1879
1897
1900
1903
1903
1901
1901
1896
1893
1895
1891
1890
1893
1903
1918
1935
1955
1981
2011
2043
2071
2099
2123
2137
2139
2147
2145
2136
2117
2100
2074
2046
2008
1989
1963
1935
1906
1887
1875
1861
1847
1849
1852
1863
1865
1878
1891
1901
1907
1925
1926
1931
1927
1929
1919
1913
1900
1899
1891
1876
1867
1861
1849
1837
1833
1829
1828
1822
1817
1819
1817
1819
1811
1811
1809
1804
1799
1799
1791
1787
1775
1775
1775
1781
1779
1785
1803
1821
1843
1881
1919
1967
2007
2059
2099
2141
2167
2196
2204
2207
2199
2191
2168
2141
2112
2087
2059
2024
1999
1979
1958
1939
1915
1911
1903
1895
1893
1893
1897
1903
1903
1925
1937
1945
1945
1959
1965
1967
1963
1961
1958
1945
1939
1929
1917
1903
1892
1883
1875
1868
1851
1849
1845
1845
1843
1851
1853
1864
1863
1873
1871
1875
1875
1883
1883
1879
1880
1881
1877
1875
1868
1875
1878
1877
1880
1895
1915
1941
1970
2011
2053
2093
2127
2165
2199
2218
2221
2217
2215
2195
2157
2135
2103
2071
2027
1997
1965
1933
1907
1895
1879
1867
1855
1861
1853
1864
1864
1877
1886
1896
1903
1927
1938
1941
1947
1951
1951
1947
1941
1939
1925
1915
1898
1889
1880
1867
1853
1851
1843
1839
1828
1829
1832
1831
1824
1827
1831
1830
1827
1834
1835
1837
1833
1846
1851
1861
1861
1870
1869
1879
1874
1883
1896
1913
1932
1967
2005
2039
2089
2137
2181
2215
2239
2265
2275
2269
2253
2237
2211
2183
2137
2107
2072
2029
1992
1961
1933
1903
1879
1865
1852
1848
1843
1848
1865
1877
1883
1900
1913
1929
1944
1945
1948
1959
1956
1961
1957
1952
1945
1945
1937
1917
1907
1899
1891
1875
1864
1854
1851
1847
1845
1851
1849
1851
1851
1863
1871
1879
1878
1886
1895
1901
1893
1903
1912
1919
1931
1951
1989
2031
2087
2157
2235
2315
2391
2463
2521
2571
2595
2614
2613
2601
2572
2542
2507
2472
2427
2397
2363
2335
2311
2297
2287
2283
2284
2293
2303
2317
2327
2343
2349
2355
2347
2345
2335
2325
2303
2287
2267
2249
2219
2205
2197
2185
2171
2160
2157
2143
2125
2109
2093
2073
2037
2015
1991
1965
1945
1927
1903
1891
1875
1869
1863
1850
1848
1848
1849
1839
1831
1835
1838
1847
1867
1901
1944
1992
2041
2100
2147
2187
2213
2237
2249
2245
2223
2205
2185
2156
2119
2087
2056
2019
1977
1943
1913
1882
1845
1822
1791
1779
1753
1753
1749
1750
1755
1773
1790
1823
1847
1885
1916
1944
1962
1981
1994
1983
1967
1951
1915
1879
1827
1783
1735
1688
1643
1613
1589
1573
1561
1561
1563
1576
1587
1608
1635
1657
1683
1715
1749
1783
1810
1843
1875
1899
1916
1941
1949
1959
1955
1955
1942
1930
1903
1887
1869
1847
1828
1827
1819
1835
1853
1907
1965
2025
2095
2163
2221
2268
2291
2313
2303
2287
2249
2215
2164
2108
2045
1997
1943
1893
1835
1811
1771
1749
1727
1723
1735
1741
1753
1780
1803
1823
1844
1869
1884
1899
1900
1907
1903
1896
1880
1869
1851
1830
1811
1797
1780
1765
1752
1753
1749
1743
1752
1755
1763
1765
1765
1775
1779
1791
1799
1817
1822
1831
1837
1847
1853
1861
1850
1853
1849
1847
1836
1824
1823
1815
1811
1818
1829
1853
1879
1925
1963
2007
2053
2087
2108
2127
2131
2134
2123
2100
2073
2043
2013
1980
1947
1919
1891
1853
1820
1801
1772
1752
1736
1733
1735
1741
1752
1779
1800
1819
1843
1863
1880
1891
1895
1897
1901
1901
1887
1880
1874
1859
1839
1828
1816
1805
1787
1790
1783
1785
1782
1787
1787
1787
1783
1787
1786
1783
1780
1783
1783
1776
1773
1780
1785
1789
1789
1811
1816
1824
1827
1839
1851
1855
1867
1882
1896
1913
1931
1967
2011
2066
2119
2183
2247
2301
2349
2395
2413
2427
2421
2407
2381
2345
2299
2259
2205
2158
2104
2068
2023
1979
1951
1933
1917
1909
1899
1909
1913
1918
1931
1945
1957
1965
1964
1971
1966
1966
1949
1945
1933
1917
1899
1891
1877
1864
1837
1833
1821
1815
1803
1801
1799
1791
1787
1797
1791
1801
1800
1814
1819
1829
1835
1843
1845
1863
1864
1876
1879
1881
1880
1885
1887
1892
1883
1895
1903
1929
1957
2005
2057
2101
2142
2195
2230
2261
2265
2275
2271
2251
2219
2185
2152
2107
2065
2023
1987
1955
1912
1887
1874
1853
1843
1839
1834
1839
1839
1854
1865
1880
1893
1907
1918
1929
1938
1947
1945
1943
1931
1929
1917
1903
1892
1883
1870
1855
1839
1837
1824
1813
1800
1791
1787
1779
1771
1771
1771
1773
1767
1769
1775
1773
1772
1772
1779
1781
1779
1783
1783
1784
1785
1801
1821
1843
1877
1929
1979
2041
2102
2163
2215
2249
2271
2287
2287
2276
2249
2217
2181
2133
2091
2043
2008
1965
1927
1897
1863
1837
1805
1797
1781
1773
1767
1773
1780
1791
1803
1824
1845
1861
1867
1879
1893
1893
1886
1891
1881
1871
1853
1847
1835
1821
1803
1799
1779
1775
1767
1766
1763
1759
1759
1767
1775
1779
1781
1800
1805
1815
1818
1832
1837
1847
1845
1855
1861
1865
1866
1892
1915
1951
2003
2063
2125
2185
2238
2287
2331
2356
2366
2363
2355
2327
2284
2246
2202
2157
2107
2071
2021
1992
1955
1931
1907
1883
1869
1867
1864
1865
1870
1885
1897
1903
1917
1933
1944
1949
1949
1957
1957
1951
1940
1933
1925
1907
1887
1880
1869
1863
1848
1839
1839
1835
1828
1828
1828
1831
1829
1835
1839
1847
1849
1855
1861
1867
1866
1871
1874
1879
1870
1877
1877
1870
1875
1883
1897
1913
1947
2001
2060
2121
2186
2254
2315
2359
2392
2424
2429
2427
2405
2385
2348
2309
2261
2220
2175
2136
2087
2057
2021
1988
1957
1933
1915
1907
1896
1899
1900
1907
1912
1931
1943
1949
1955
1966
1967
1975
1964
1961
1951
1941
1929
1919
1911
1897
1883
1883
1878
1868
1863
1865
1865
1855
1849
1855
1851
1861
1850
1861
1861
1863
1811
1855
1863
1864
1853
1855
1855
1855
1853
1853
1861
1861
1854
1865
1865
1869
1863
1867
1867
1866
1862
1862
1853
1851
1849
1852
1853
1867
1881
1925
1974
2035
2115
2196
2269
2343
2395
2451
2476
2488
2475
2461
2428
2391
2332
2295
2237
2190
2136
2092
2055
2008
1967
1943
1917
1897
1879
1875
1869
1874
1877
1887
1897
1907
1909
1927
1928
1935
1932
1933
1933
1919
1907
1897
1887
1875
1853
1849
1838
1827
1818
1816
1813
1813
1809
1813
1815
1823
1822
1835
1839
1839
1843
1853
1851
1861
1851
1855
1862
1855
1851
1851
1854
1851
1846
1847
1843
1839
1832
1831
1830
1828
1823
1831
1823
1832
1823
1832
1829
1833
1831
1832
1833
1829
1823
1831
1830
1827
1829
1833
1838
1837
1837
1849
1863
1886
1914
1974
2039
2119
2175
2283
2355
2411
2463
2503
2511
2509
2487
2451
2412
2357
2301
2251
2197
2147
2098
2059
2011
1977
1943
1925
1901
1891
1876
1879
1881
1885
1893
1909
1919
1931
1942
1949
1951
1955
1948
1947
1941
1935
1915
1907
1893
1880
1861
1849
1837
1832
1821
1816
1818
1817
1815
1819
1821
1830
1828
1834
1835
1837
1837
1844
1844
1843
1839
1844
1840
1843
1839
1843
1843
1837
1835
1837
1835
1832
1829
1831
1831
1828
1821
1829
1827
1829
1823
1829
1827
1829
1821
1829
1827
1823
1823
1830
1828
1831
1827
1828
1836
1837
1835
1837
1845
1851
1855
1875
1895
1934
1981
2053
2130
2214
2297
2382
2454
2519
2557
2600
2611
2603
2585
2553
2521
2470
2413
2364
2311
2259
2203
2158
2116
2075
2029
2009
1983
1972
1961
1962
1968
1979
1995
2009
2031
2056
2067
2079
2093
2103
2105
2109
2121
2125
2123
2140
2135
2151
2155
2173
2186
2195
2196
2196
2183
2170
2147
2131
2103
2075
2040
2011
1981
1945
1910
1883
1848
1827
1806
1811
1817
1837
1868
1903
1947
1991
2019
2065
2099
2146
2171
2205
2235
2257
2264
2267
2269
2276
2299
2387
2607
3051
4012
4040
4041
4043
4045
4050
4052
4047
4051
4055
4050
4053
4053
4055
4055
4052
4053
4057
4055
4055
4053
4053
4055
4056
4052
4055
4056
4056
4053
4051
4059
4051
4055
4051
4051
4052
4051
4053
4054
4055
4047
4051
4055
4055
4051
4049
4052
4051
4053
4051
4051
4055
4051
4051
4051
4047
4049
4046
4045
4051
4051
4047
4045
4047
4045
4051
4052
4041
3365
2931
2568
2251
1981
1783
1635
1529
1471
1455
1469
1501
1553
1605
1661
1727
1787
1849
1902
1951
1980
2011
2031
2045
2055
2059
2059
2057
2042
2039
2029
2025
2011
2010
2002
1995
1979
1975
1971
1963
1958
1967
1967
1971
1974
1979
1989
1983
1990
1991
1991
1990
1980
1983
1979
1979
1967
1972
1967
1967
1962
1963
1961
1962
1955
1952
1955
1951
1947
1949
1948
1951
1946
1949
1951
1958
1959
1964
1966
1973
1972
1975
1973
1976
1973
1977
1975
1973
1971
1973
1973
1967
1964
1967
1975
1971
1963
1967
1964
1962
1959
1963
1961
1961
1959
1962
1961
1961
1956
1960
1961
1960
1965
1963
1971
1973
1971
1971
1975
1977
1973
1975
1975
1973
1968
1972
1965
1967
1961
1963
1963
1961
1959
1964
1965
1965
1962
1966
1971
1967
1965
1973
1971
1967
1963
1968
1965
1964
1961
1965
1961
1959
1961
1951
1951
1955
1947
1949
1951
1950
1947
1945
1947
1943
1941
1941
1934
1939
1935
1941
1940
1945
1942
1947
1945
1949
1945
1949
1951
1947
1951
1952
1958
1959
1965
1964
1967
1967
1965
1973
1976
1977
1978
1989
1989
1989
1983
1991
1991
1992
1978
1983
1977
1976
1971
1965
1967
1965
1963
1961
1961
1959
1951
1951
1948
1945
1943
1943
1941
1943
1939
1943
1944
1943
1941
1947
1948
1943
1941
1945
1943
1944
1944
1949
1951
1955
1952
1962
1965
1973
1976
1983
1993
1993
1992
2001
2003
2003
1997
1991
1983
1977
1971
1965
1963
1961
1951
1951
1949
1948
1945
1947
1947
1947
1949
1951
1949
1951
1949
1948
1947
1945
1939
1942
1939
1939
1934
1938
1938
1939
1935
1944
1945
1944
1943
1949
1957
1955
1955
1957
1955
1958
1956
1957
1960
1961
1960
1963
1965
1971
1972
1977
1981
1989
1982
1988
1983
1983
1980
1983
1983
1981
1976
1977
1967
1963
1959
1959
1958
1951
1949
1950
1951
1949
1943
1947
1946
1942
1935
1935
1933
1932
1927
1928
1927
1925
1919
1928
1931
1932
1931
1935
1941
1943
1941
1944
1948
1949
1948
1950
1955
1951
1951
1952
1955
1959
1955
1959
1961
1962
1960
1964
1967
1963
1963
1967
1967
1965
1961
1964
1965
1959
1963
1951
1951
1948
1945
1947
1948
1947
1943
1944
1945
1943
1942
1947
1946
1945
1943
1945
1948
1947
1942
1941
1943
1939
1931
1933
1920
1916
1907
1900
1886
1879
1865
1855
1843
1823
1801
1781
1753
1721
1691
1671
1647
1635
1625
1624
1619
1619
1609
1607
1592
1587
1578
1582
1587
1595
1611
1635
1659
1689
1711
1741
1765
1781
1788
1799
1799
1801
1787
1782
1785
1787
1789
1805
1819
1835
1847
1868
1879
1889
1895
1901
1903
1909
1911
1913
1914
1910
1902
1902
1899
1895
1903
1919
1935
1958
1979
2009
2027
2043
2052
2060
2059
2045
2027
2015
1999
1981
1957
1940
1914
1900
1881
1868
1861
1853
1849
1862
1869
1878
1884
1900
1911
1925
1930
1937
1939
1933
1919
1915
1903
1895
1887
1891
1891
1887
1891
1897
1903
1913
1925
1939
1949
1960
1963
1966
1971
1967
1957
1947
1932
1927
1910
1903
1900
1899
1893
1895
1893
1890
1883
1884
1885
1883
1880
1885
1886
1893
1895
1913
1941
1968
2007
2044
2077
2104
2117
2124
2121
2108
2087
2068
2030
1992
1949
1911
1869
1831
1803
1785
1771
1766
1765
1781
1786
1803
1807
1811
1792
1758
1708
1655
1605
1555
1509
1483
1483
1496
1516
1560
1610
1671
1727
1787
1839
1886
1928
1957
1977
1995
2009
2012
2011
2011
2004
1999
1995
1989
1975
1975
1973
1971
1967
1975
1973
1977
1975
1979
1981
1981
1981
1992
1996
2003
1999
2013
2025
2041
2068
2100
2147
2219
2303
2408
2508
2591
2632
2632
2605
2553
2485
2413
2333
2249
2125
1999
1873
1769
1679
1624
1589
1568
1565
1577
1597
1620
1650
1689
1720
1751
1781
1815
1845
1879
1899
1927
1944
1963
1972
1995
2019
2044
2077
2109
2141
2175
2205
2232
2236
2239
2219
2184
2139
2085
2025
1979
1931
1899
1873
1864
1867
1877
1897
1927
1955
1992
2024
2063
2096
2137
2175
2231
2283
2317
2325
2303
2259
2168
2042
1887
1684
1465
1269
1157
1114
1141
1216
1319
1427
1525
1606
1692
1802
1949
2131
2297
2418
2461
2439
2367
2280
2183
2074
1983
1907
1850
1815
1803
1804
1821
1848
1885
1908
1965
2013
2077
2134
2195
2240
2286
2314
2323
2313
2291
2260
2217
2166
2123
2077
2021
1961
1907
1844
1776
1701
1620
1516
1405
1292
1207
1150
1135
1151
1193
1245
1303
1353
1381
1399
1381
1308
1231
1151
1123
1143
1251
1431
1688
1991
2325
2679
3031
3383
3666
3805
3771
3605
3367
3095
2823
2566
2327
2107
1911
1748
1637
1557
1511
1483
1494
1519
1564
1607
1657
1708
1755
1799
1839
1876
1907
1926
1945
1959
1971
1975
1982
1983
1990
1983
1983
1981
1977
1971
1967
1964
1966
1963
1975
1980
1992
2012
2035
2057
2079
2117
2155
2204
2259
2271
2299
2325
2339
2340
2339
2319
2285
2220
2140
2024
1891
1743
1612
1497
1403
1325
1277
1241
1197
1148
1096
1042
983
927
868
788
703
629
611
639
741
887
1063
1239
1415
1572
1705
1821
1919
2029
2159
2313
2479
2645
2781
2877
2923
2923
2909
2879
2847
2824
2828
2859
2915
2974
3045
3103
3119
3087
3017
2920
2793
2651
2506
2365
2233
2108
2009
1911
1831
1749
1669
1579
1515
1458
1419
1387
1373
1367
1371
1368
1331
1269
1191
1111
1021
920
782
572
281
0
0
0
0
0
0
0
0
0
0
0
0
0
0
0
0
0
0
0
79
326
438
447
383
277
199
149
197
407
652
844
971
1011
1003
951
879
781
678
555
422
285
175
72
0
0
0
0
0
0
0
0
0
0
0
0
53
148
245
343
435
531
620
711
795
867
936
999
1051
1087
1125
1159
1184
1205
1239
1259
1288
1309
1349
1367
1392
1415
1437
1451
1477
1491
1510
1525
1533
1551
1567
1581
1591
1599
1621
1630
1645
1657
1675
1689
1705
1710
1727
1737
1740
1737
1727
1717
1695
1671
1647
1629
1611
1589
1578
1573
1565
1564
1579
1583
1597
1609
1625
1638
1657
1673
1695
1711
1736
1743
1763
1774
1783
1789
1803
1806
1803
1801
1803
1799
1787
1779
1775
1769
1767
1758
1763
1767
1771
1771
1783
1785
1789
1783
1790
1790
1788
1783
1781
1784
1781
1773
1781
1784
1788
1789
1803
1807
1813
1815
1827
1835
1845
1847
1863
1862
1864
1855
1864
1864
1865
1863
1875
1879
1881
1883
1894
1895
1895
1885
1887
1882
1877
1863
1867
1861
1849
1843
1840
1839
1836
1828
1826
1826
1823
1823
1828
1833
1833
1832
1838
1839
1840
1839
1845
1844
1849
1851
1855
1854
1863
1863
1867
1868
1863
1863
1864
1855
1851
1847
1851
1847
1845
1843
1847
1843
1843
1839
1847
1852
1855
1853
1865
1864
1866
1865
1866
1867
1879
1867
1870
1879
1877
1875
1880
1883
1885
1883
1917
1886
1891
1887
1899
1899
1911
1912
1929
1933
1944
1944
1951
1952
1949
1941
1941
1933
1926
1915
1918
1914
1911
1907
1909
1908
1907
1901
1911
1913
1915
1914
1929
1928
1931
1927
1932
1931
1919
1909
1903
1900
1897
1885
1883
1890
1894
1891
1897
1901
1903
1911
1916
1925
1931
1928
1937
1933
1940
1933
1933
1931
1919
1914
1917
1911
1907
1902
1903
1903
1902
1897
1900
1897
1897
1892
1897
1896
1895
1890
1899
1901
1901
1901
1910
1925
1931
1933
1945
1959
1963
1973
1991
2009
2023
2035
2059
2067
2069
2069
2068
2056
2037
2013
2003
1973
1959
1940
1931
1915
1903
1897
1897
1896
1895
1894
1896
1900
1902
1901
1909
1911
1915
1913
1919
1919
1917
1911
1915
1912
1907
1902
1899
1895
1897
1887
1887
1887
1885
1879
1883
1883
1885
1871
1883
1883
1890
1884
1893
1895
1897
1899
1903
1903
1901
1901
1909
1915
1915
1917
1926
1927
1927
1925
1932
1931
1931
1926
1933
1933
1930
1925
1931
1933
1941
1945
1971
1996
2030
2071
2109
2155
2191
2214
2232
2239
2237
2215
2197
2165
2127
2079
2052
2003
1975
1941
1919
1895
1881
1866
1869
1869
1869
1875
1885
1897
1908
1915
1935
1946
1949
1951
1963
1963
1963
1951
1951
1948
1941
1929
1915
1911
1899
1885
1884
1875
1867
1853
1847
1848
1843
1835
1835
1838
1835
1833
1837
1831
1833
1827
1829
1820
1823
1817
1827
1805
1831
1833
1837
1839
1843
1843
1849
1851
1851
1853
1863
1864
1864
1853
1861
1861
1865
1855
1871
1877
1891
1901
1925
1959
1993
2026
2073
2107
2137
2155
2170
2171
2165
2142
2093
2088
2055
2010
1982
1947
1919
1893
1881
1853
1843
1831
1834
1832
1837
1845
1855
1873
1879
1887
1903
1911
1915
1919
1929
1928
1919
1915
1914
1911
1903
1893
1895
1885
1879
1865
1868
1868
1862
1853
1861
1863
1865
1861
1864
1866
1867
1865
1875
1877
1879
1879
1891
1887
1897
1895
1901
1899
1903
1899
1899
1901
1895
1893
1895
1892
1887
1892
1899
1907
1917
1939
1972
2011
2057
2101
2149
2191
2231
2250
2265
2265
2255
2229
2205
2173
2141
2096
2066
2031
1999
1967
1943
1917
1897
1880
1880
1875
1877
1875
1890
1896
1909
1914
1928
1933
1939
1932
1937
1933
1929
1916
1915
1909
1899
1887
1884
1879
1871
1865
1865
1863
1863
1853
1867
1855
1867
1865
1871
1875
1877
1877
1881
1886
1884
1881
1880
1884
1881
1874
1869
1869
1869
1865
1871
1868
1876
1882
1901
1929
1963
2007
2067
2115
2163
2207
2255
2281
2297
2297
2303
2290
2264
2231
2202
2167
2131
2089
2063
2031
2008
1979
1972
1957
1951
1942
1945
1949
1959
1963
1977
1983
1997
1998
2007
2009
2011
2005
2007
1996
1988
1971
1965
1949
1941
1925
1912
1899
1901
1886
1886
1883
1881
1880
1881
1884
1882
1881
1891
1897
1897
1898
1911
1913
1918
1914
1925
1928
1933
1919
1925
1916
1915
1902
1907
1907
1903
1901
1910
1926
1939
1960
2004
2056
2111
2171
2245
2313
2381
2431
2487
2523
2551
2567
2568
2548
2521
2488
2456
2411
2365
2317
2277
2231
2189
2141
2111
2085
2059
2035
2028
2023
2027
2024
2037
2045
2057
2059
2069
2073
2071
2063
2061
2055
2041
2025
2015
2010
1997
1982
1976
1971
1965
1957
1960
1957
1960
1957
1964
1967
1980
1983
2021
2053
2093
2140
2203
2267
2328
2387
2451
2502
2543
2579
2607
2617
2615
2591
2572
2531
2485
2426
2381
2326
2280
2223
2189
2152
2119
2089
2071
2057
2041
2025
2013
2011
2002
1989
1988
1980
1977
1979
2005
2035
2089
2143
2223
2303
2391
2470
2543
2603
2649
2675
2686
2695
2671
2648
2621
2585
2543
2491
2455
2409
2365
2313
2275
2237
2199
2157
2147
2111
2095
2075
2069
2065
2063
2055
2044
2053
2045
2036
2036
2027
2023
2009
1999
1983
1976
1959
1956
1945
1942
1928
1931
1931
1919
1916
1925
1929
1932
1940
1956
1964
1977
1988
2005
2013
2021
2024
2031
2037
2043
2043
2063
2071
2079
2091
2117
2133
2147
2152
2167
2181
2188
2190
2200
2211
2213
2216
2227
2215
2211
2191
2173
2150
2127
2095
2075
2055
2039
2024
2028
2027
2027
2031
2040
2044
2039
2037
2031
2023
2009
1996
1995
1992
1996
2006
2029
2068
2116
2171
2249
2319
2391
2459
2523
2577
2607
2627
2622
2604
2573
2523
2473
2421
2367
2310
2260
2207
2160
2105
2071
2019
1983
1945
1925
1897
1881
1863
1855
1849
1845
1843
1851
1854
1852
1853
1861
1865
1864
1855
1861
1855
1851
1839
1835
1831
1823
1817
1815
1813
1813
1805
1815
1823
1831
1835
1845
1855
1865
1865
1869
1871
1868
1863
1855
1847
1845
1832
1830
1821
1821
1815
1819
1821
1816
1817
1823
1829
1831
1829
1839
1845
1845
1849
1855
1853
1852
1849
1855
1861
1863
1854
1865
1867
1863
1854
1851
1849
1845
1831
1822
1816
1815
1804
1807
1804
1803
1807
1829
1853
1900
1948
2011
2075
2136
2191
2239
2277
2303
2314
2317
2301
2281
2249
2220
2187
2151
2109
2075
2035
1999
1962
1939
1910
1885
1863
1849
1843
1837
1831
1840
1849
1852
1861
1871
1883
1885
1885
1890
1882
1885
1879
1874
1867
1861
1839
1833
1817
1804
1785
1779
1768
1763
1755
1753
1753
1757
1754
1767
1771
1775
1781
1791
1804
1807
1814
1819
1820
1813
1816
1823
1820
1827
1813
1815
1811
1805
1791
1789
1782
1774
1762
1757
1749
1752
1747
1743
1748
1763
1751
1755
1763
1763
1763
1771
1773
1775
1775
1783
1783
1783
1775
1785
1783
1787
1803
1831
1869
1907
1951
2010
2065
2105
2147
2181
2198
2197
2185
2173
2146
2123
2073
2037
2003
1963
1927
1903
1877
1853
1829
1817
1809
1803
1799
1801
1810
1817
1824
1840
1851
1865
1869
1883
1881
1885
1877
1877
1865
1863
1844
1839
1827
1817
1802
1791
1783
1775
1767
1771
1769
1768
1769
1773
1779
1781
1780
1789
1799
1799
1791
1804
1805
1813
1806
1813
1813
1811
1813
1805
1805
1805
1801
1806
1805
1805
1799
1801
1801
1799
1789
1797
1790
1797
1798
1797
1797
1799
1799
1803
1803
1803
1803
1807
1814
1811
1815
1823
1835
1837
1880
1927
1967
2019
2071
2126
2175
2214
2234
2261
2263
2254
2231
2207
2174
2140
2095
2063
2023
1988
1945
1916
1897
1875
1854
1853
1851
1855
1863
1880
1892
1913
1927
1946
1951
1963
1964
1973
1967
1961
1951
1944
1930
1912
1899
1891
1883
1880
1867
1869
1864
1861
1850
1851
1846
1835
1827
1823
1819
1813
1801
1801
1799
1796
1787
1783
1787
1787
1776
1791
1779
1782
1775
1781
1781
1779
1773
1779
1772
1780
1771
1775
1775
1775
1773
1774
1781
1781
1783
1801
1815
1833
1865
1913
1951
2005
2063
2119
2172
2220
2249
2278
2287
2285
2280
2246
2215
2171
2125
2087
2043
2007
1961
1929
1899
1877
1853
1851
1843
1855
1851
1875
1885
1908
1925
1941
1955
1963
1968
1975
1972
1965
1957
1949
1939
1919
1907
1901
1891
1876
1865
1861
1853
1848
1847
1845
1848
1849
1849
1855
1863
1868
1871
1875
1881
1883
1883
1883
1893
1893
1887
1891
1892
1887
1882
1883
1879
1879
1875
1884
1887
1909
1932
1972
2015
2065
2117
2175
2223
2268
2301
2333
2345
2341
2329
2313
2283
2249
2200
2159
2120
2078
2027
1995
1963
1931
1901
1897
1882
1879
1874
1883
1897
1910
1919
1940
1952
1965
1972
1991
1981
1983
1976
1971
1959
1951
1933
1919
1909
1899
1882
1879
1868
1863
1849
1850
1853
1849
1853
1869
1875
1877
1883
1895
1899
1909
1909
1913
1912
1909
1895
1894
1884
1875
1893
1855
1849
1843
1831
1823
1823
1820
1813
1817
1829
1847
1878
1929
1980
2055
2117
2188
2238
2292
2328
2351
2359
2352
2329
2310
2275
2232
2189
2151
2117
2071
2028
2005
1971
1943
1917
1908
1901
1891
1881
1892
1899
1908
1913
1929
1939
1943
1951
1949
1949
1943
1932
1919
1903
1893
1875
1863
1850
1839
1829
1827
1821
1827
1821
1830
1834
1833
1835
1843
1839
1851
1851
1865
1867
1869
1873
1879
1880
1883
1879
1880
1879
1869
1863
1864
1854
1852
1847
1847
1843
1838
1829
1829
1823
1817
1805
1801
1801
1801
1803
1817
1845
1887
1937
2007
2075
2141
2203
2264
2302
2339
2347
2358
2343
2325
2287
2252
2213
2167
2125
2093
2057
2010
1975
1948
1925
1899
1879
1871
1866
1862
1862
1869
1879
1892
1895
1910
1919
1926
1926
1929
1928
1928
1917
1917
1909
1900
1886
1879
1875
1867
1853
1853
1848
1847
1839
1851
1853
1862
1863
1877
1881
1887
1890
1899
1901
1898
1896
1900
1900
1896
1893
1897
1893
1881
1877
1876
1873
1867
1855
1855
1855
1854
1846
1851
1851
1849
1845
1846
1851
1849
1847
1849
1863
1874
1893
1925
1975
2021
2077
2141
2200
2260
2301
2345
2365
2380
2375
2361
2329
2297
2253
2219
2172
2127
2087
2056
2019
1983
1956
1939
1927
1911
1894
1893
1895
1896
1893
1907
1913
1918
1919
1931
1935
1935
1929
1927
1927
1915
1906
1898
1886
1881
1870
1853
1864
1854
1849
1852
1851
1861
1855
1867
1867
1875
1871
1876
1879
1878
1877
1878
1877
1868
1865
1867
1863
1851
1848
1847
1847
1845
1830
1839
1837
1836
1833
1833
1835
1838
1844
1840
1845
1848
1840
1843
1845
1843
1839
1839
1843
1843
1843
1847
1846
1855
1865
1891
1915
1957
2004
2059
2117
2169
2215
2264
2299
2323
2331
2331
2316
2287
2259
2219
2181
2135
2080
2039
2005
1967
1935
1917
1896
1884
1867
1873
1875
1879
1880
1893
1895
1911
1917
1927
1933
1939
1932
1935
1933
1926
1909
1901
1887
1881
1866
1855
1847
1839
1834
1831
1829
1819
1815
1819
1817
1818
1819
1829
1837
1839
1843
1852
1854
1853
1847
1848
1837
1823
1801
1783
1755
1709
1645
1581
1501
1413
1307
1207
1111
1005
915
841
775
717
655
613
595
587
586
602
619
653
695
750
808
879
951
1032
1113
1183
1256
1320
1375
1419
1455
1497
1529
1564
1593
1627
1658
1686
1695
1717
1727
1739
1741
1751
1755
1758
1722
1769
1774
1782
1779
1786
1787
1788
1785
1782
1783
1781
1770
1769
1763
1767
1759
1765
1767
1775
1775
1783
1783
1791
1791
1799
1805
1807
1811
1819
1829
1831
1835
1848
1854
1865
1865
1877
1883
1880
1879
1887
1887
1891
1882
1895
1893
1895
1891
1891
1896
1895
1883
1885
1885
1885
1879
1879
1882
1887
1880
1891
1891
1897
1895
1903
1902
1911
1907
1913
1911
1915
1913
1915
1913
1913
1911
1915
1914
1910
1908
1912
1907
1901
1891
1893
1892
1881
1875
1877
1870
1874
1868
1879
1883
1883
1881
1887
1893
1893
1893
1897
1899
1899
1895
1903
1907
1909
1907
1911
1909
1912
1911
1916
1916
1917
1915
1917
1915
1910
1899
1913
1911
1908
1907
1912
1913
1909
1908
1913
1909
1911
1903
1911
1911
1913
1904
1909
1904
1900
1893
1899
1900
1903
1907
1916
1933
1950
1967
1991
2023
2058
2087
2131
2170
2219
2263
2313
2351
2395
2425
2460
2485
2521
2553
2611
2675
2757
2848
2962
3076
3177
3271
3355
3407
3430
3423
3390
3339
3256
3146
3067
2968
2870
2765
2680
2597
2508
2427
2358
2300
2246
2195
2159
2133
2108
2085
2069
2057
2036
2013
1997
1964
1928
1869
1819
1747
1684
1612
1554
1491
1437
1389
1368
1343
1333
1333
1351
1369
1389
1415
1445
1468
1496
1515
1545
1568
1589
1605
1625
1645
1659
1670
1693
1707
1719
1723
1735
1748
1755
1755
1770
1773
1775
1773
1781
1783
1785
1783
1788
1787
1799
1799
1813
1819
1833
1845
1865
1883
1897
1912
1934
1945
1956
1960
1973
1979
1979
1981
1993
2005
2021
2038
2075
2107
2141
2172
2215
2251
2285
2312
2349
2387
2419
2451
2487
2521
2549
2579
2596
2611
2613
2597
2589
2557
2537
2495
2475
2445
2420
2381
2373
2347
2333
2315
2303
2293
2279
2269
2267
2260
2251
2239
2245
2236
2227
2213
2214
2206
2200
2185
2185
2171
2159
2137
2126
2103
2075
2035
2005
1963
1917
1867
1822
1781
1746
1719
1705
1716
1738
1764
1816
1865
1919
1967
2013
2043
2071
2075
2077
2069
2043
2013
1993
1955
1917
1883
1853
1827
1799
1779
1775
1771
1779
1785
1810
1839
1879
1915
1971
2021
2075
2123
2171
2212
2251
2269
2287
2299
2301
2291
2284
2275
2255
2229
2215
2195
2171
2153
2137
2120
2108
2092
2087
2067
2059
2039
2028
2012
1991
1971
1951
1927
1895
1861
1828
1797
1749
1701
1661
1619
1575
1519
1486
1446
1404
1367
1339
1317
1300
1299
1291
1297
1319
1327
1359
1400
1439
1489
1548
1621
1701
1782
1873
1960
2045
2125
2196
2249
2299
2328
2352
2355
2356
2333
2317
2283
2249
2208
2183
2149
2120
2093
2084
2071
2091
2069
2077
2091
2103
2117
2139
2155
2174
2185
2200
2207
2213
2215
2221
2233
2251
2255
2267
2277
2283
2283
2285
2283
2277
2259
2253
2233
2223
2207
2205
2198
2185
2171
2163
2153
2134
2109
2095
2075
2039
2007
1979
1946
1908
1870
1839
1807
1775
1737
1709
1683
1651
1621
1605
1581
1573
1557
1561
1564
1573
1583
1610
1651
1693
1749
1816
1887
1959
2024
2093
2141
2171
2184
2184
2155
2120
2059
1998
1927
1851
1773
1715
1651
1597
1555
1527
1511
1508
1515
1543
1575
1611
1661
1727
1789
1853
1918
1982
2043
2095
2137
2183
2211
2236
2223
2267
2275
2277
2271
2276
2279
2276
2271
2277
2279
2283
2285
2295
2297
2299
2291
2291
2279
2264
2239
2222
2195
2166
2125
2091
2057
2011
1971
1933
1897
1855
1823
1791
1769
1743
1717
1700
1683
1661
1637
1635
1629
1638
1647
1683
1715
1750
1787
1831
1869
1900
1913
1933
1940
1935
1915
1897
1879
1851
1821
1803
1775
1763
1740
1735
1723
1725
1727
1751
1781
1791
1823
1863
1899
1932
1963
2004
2035
2059
2083
2107
2125
2141
2139
2147
2151
2143
2140
2137
2135
2131
2117
2117
2107
2103
2095
2095
2095
2099
2093
2099
2095
2095
2088
2087
2075
2072
2045
2037
2015
2005
1979
1964
1942
1917
1893
1877
1851
1827
1791
1771
1747
1716
1688
1661
1641
1613
1597
1576
1560
1545
1523
1523
1519
1531
1555
1595
1643
1699
1763
1823
1891
1943
1975
2009
2027
2029
2015
2007
1979
1951
1915
1897
1869
1845
1819
1811
1791
1785
1771
1770
1768
1774
1779
1797
1814
1829
1849
1876
1897
1913
1930
1951
1967
1979
1990
2005
2012
2019
2015
2025
2025
2027
2026
2037
2043
2043
2040
2044
2045
2046
2039
2040
2043
2042
2041
2039
2043
2039
2035
2035
2031
2023
2013
2012
2009
2010
2005
2011
2011
2012
2012
2021
2027
2029
2035
2054
2059
2063
2057
2059
2053
2036
2023
2008
1993
1971
1946
1928
1899
1877
1840
1819
1791
1763
1723
1700
1671
1637
1604
1583
1567
1559
1559
1575
1595
1625
1658
1703
1740
1775
1789
1813
1815
1814
1800
1788
1773
1755
1736
1727
1723
1719
1716
1723
1725
1725
1735
1742
1749
1758
1759
1771
1779
1784
1785
1791
1800
1803
1803
1801
1791
1789
1779
1767
1759
1745
1727
1721
1711
1703
1689
1691
1687
1686
1683
1689
1691
1702
1705
1717
1723
1741
1747
1763
1771
1781
1790
1815
1827
1839
1853
1879
1896
1909
1927
1945
1960
1976
1983
2011
2028
2055
2072
2095
2121
2139
2151
2165
2175
2187
2185
2189
2190
2189
2185
2183
2183
2181
2171
2171
2167
2165
2156
2158
2156
2157
2155
2165
2172
2181
2191
2213
2233
2263
2302
2355
2411
2471
2533
2597
2646
2683
2711
2725
2719
2707
2671
2647
2603
2552
2493
2447
2395
2343
2295
2253
2217
2189
2153
2137
2123
2111
2109
2116
2123
2131
2130
2140
2139
2143
2135
2129
2111
2093
2070
2042
2013
1979
1945
1919
1893
1861
1835
1816
1799
1779
1757
1748
1732
1715
1701
1694
1688
1677
1669
1663
1661
1658
1662
1653
1653
1655
1652
1653
1661
1663
1661
1671
1677
1685
1685
1693
1700
1699
1693
1699
1699
1703
1696
1703
1696
1700
1693
1695
1701
1703
1704
1720
1743
1771
1821
1885
1967
2065
2164
2281
2395
2505
2604
2695
2761
2806
2828
2835
2825
2791
2739
2695
2637
2587
2525
2473
2429
2387
2335
2301
2274
2247
2217
2207
2200
2200
2199
2204
2207
2216
2212
2211
2206
2193
2173
2157
2134
2093
2058
2023
1983
1947
1902
1875
1834
1799
1757
1735
1699
1676
1644
1635
1615
1597
1588
1588
1581
1578
1573
1578
1581
1587
1583
1590
1593
1592
1582
1587
1577
1575
1563
1565
1560
1560
1559
1561
1567
1579
1584
1609
1624
1645
1658
1683
1701
1710
1733
1757
1783
1805
1831
1865
1895
1933
1966
2012
2075
2139
2212
2295
2381
2462
2579
2599
2649
2679
2695
2694
2683
2661
2615
2571
2517
2461
2403
2356
2309
2269
2223
2198
2155
2131
2093
2075
2041
2024
2003
1991
1977
1965
1960
1961
1957
1945
1938
1933
1919
1911
1887
1877
1852
1835
1809
1789
1769
1755
1740
1739
1740
1748
1749
1764
1773
1785
1789
1803
1821
1834
1843
1863
1881
1901
1917
1945
1965
1993
2009
2032
2053
2067
2066
2075
2075
2067
2053
2035
2015
1991
1959
1933
1903
1873
1837
1817
1797
1771
1750
1739
1725
1723
1716
1721
1720
1723
1723
1739
1747
1752
1759
1779
1799
1823
1855
1895
1943
1980
2019
2067
2088
2115
2112
2125
2110
2099
2069
2040
2008
1979
1947
1927
1897
1875
1847
1838
1821
1803
1789
1791
1789
1787
1786
1799
1804
1813
1816
1820
1829
1831
1823
1831
1828
1823
1817
1817
1811
1803
1798
1789
1788
1791
1784
1789
1791
1798
1791
1801
1805
1815
1817
1829
1835
1849
1852
1868
1876
1883
1885
1891
1895
1893
1892
1893
1885
1875
1865
1853
1845
1834
1822
1818
1813
1809
1799
1799
1791
1788
1783
1784
1783
1781
1773
1784
1789
1803
1817
1843
1883
1925
1963
2009
2063
2105
2131
2159
2168
2174
2164
2153
2131
2106
2071
2037
2003
1963
1930
1901
1877
1845
1819
1807
1797
1787
1783
1787
1791
1801
1803
1817
1833
1840
1847
1863
1867
1870
1867
1869
1867
1855
1843
1835
1829
1821
1807
1804
1805
1800
1792
1801
1799
1801
1799
1803
1805
1812
1813
1821
1827
1839
1843
1851
1855
1863
1862
1874
1877
1876
1879
1881
1883
1883
1879
1887
1885
1891
1885
1887
1891
1886
1880
1885
1891
1897
1917
1935
1963
1996
2020
2063
2093
2121
2137
2151
2157
2153
2143
2127
2104
2085
2055
2031
2003
1979
1951
1935
1911
1895
1879
1870
1865
1861
1855
1869
1879
1887
1899
1913
1931
1934
1943
1955
1959
1961
1956
1963
1961
1961
1956
1961
1958
1956
1945
1947
1949
1948
1943
1939
1940
1933
1925
1919
1919
1919
1911
1913
1912
1911
1909
1907
1899
1897
1885
1879
1869
1855
1847
1847
1837
1828
1818
1819
1807
1792
1779
1774
1771
1767
1757
1767
1771
1783
1791
1824
1855
1895
1938
1988
2029
2075
2103
2135
2157
2169
2168
2166
2155
2137
2117
2099
2075
2059
2029
2015
1995
1979
1963
1952
1939
1932
1919
1919
1911
1907
1903
1901
1901
1895
1887
1893
1887
1880
1869
1866
1853
1843
1829
1822
1813
1803
1785
1784
1775
1775
1741
1767
1778
1781
1783
1784
1791
1799
1799
1811
1816
1819
1820
1831
1833
1837
1834
1839
1837
1839
1837
1837
1839
1835
1832
1835
1833
1829
1821
1823
1821
1817
1815
1819
1821
1821
1817
1819
1822
1827
1829
1849
1869
1901
1938
1983
2037
2087
2133
2175
2212
2236
2249
2249
2247
2227
2195
2168
2141
2111
2073
2043
2009
1981
1956
1939
1911
1896
1882
1879
1875
1869
1868
1875
1879
1883
1887
1899
1901
1903
1903
1904
1903
1901
1893
1885
1877
1879
1851
1851
1843
1838
1831
1835
1835
1834
1833
1837
1837
1848
1848
1855
1870
1875
1879
1887
1892
1902
1897
1901
1899
1897
1891
1893
1896
1898
1895
1901
1901
1901
1896
1901
1901
1895
1895
1902
1903
1909
1918
1948
1976
2015
2065
2118
2175
2233
2283
2335
2375
2403
2411
2421
2418
2399
2373
2345
2317
2283
2245
2212
2185
2157
2132
2107
2089
2073
2055
2042
2024
2022
2009
2009
1999
1996
1988
1992
1979
1975
1963
1959
1949
1933
1927
1920
1915
1909
1899
1897
1895
1893
1884
1886
1881
1877
1869
1867
1867
1867
1861
1867
1874
1873
1874
1878
1880
1881
1875
1877
1876
1877
1874
1875
1867
1869
1864
1869
1865
1868
1863
1867
1867
1869
1869
1883
1899
1925
1951
1997
2042
2093
2142
2193
2231
2263
2279
2293
2292
2284
2263
2237
2213
2184
2151
2131
2101
2073
2041
2019
1997
1976
1956
1943
1934
1929
1927
1933
1945
1957
1965
1983
1997
2009
2019
2027
2027
2032
2027
2027
2021
2008
1997
1989
1976
1959
1941
1933
1913
1897
1891
1891
1886
1885
1882
1893
1907
1915
1925
1943
1952
1963
1939
1963
1963
1959
1948
1938
1931
1919
1903
1897
1887
1875
1863
1853
1847
1835
1828
1828
1816
1816
1813
1816
1821
1832
1852
1883
1919
1965
2009
2067
2107
2139
2167
2187
2196
2193
2173
2163
2139
2115
2087
2067
2043
2022
1998
1995
1979
1973
1963
1963
1963
1963
1957
1955
1957
1957
1947
1947
1945
1937
1925
1915
1899
1885
1865
1855
1833
1823
1811
1807
1804
1803
1803
1811
1817
1823
1831
1846
1851
1855
1855
1864
1861
1855
1845
1849
1847
1843
1837
1849
1851
1853
1853
1863
1863
1863
1849
1847
1843
1837
1827
1821
1817
1817
1814
1828
1832
1849
1867
1891
1914
1951
1979
2011
2039
2072
2088
2111
2121
2119
2107
2096
2073
2040
2003
1972
1933
1893
1852
1821
1787
1758
1727
1717
1710
1707
1701
1711
1723
1736
1747
1762
1779
1791
1807
1821
1837
1848
1851
1865
1867
1869
1853
1851
1839
1833
1813
1804
1785
1771
1757
1755
1753
1755
1755
1770
1784
1791
1803
1819
1831
1833
1839
1849
1849
1845
1839
1837
1829
1820
1803
1800
1797
1788
1783
1789
1791
1805
1819
1847
1891
1937
1981
2036
2093
2140
2173
2208
2232
2237
2232
2221
2201
2173
2137
2115
2076
2045
2011
1991
1961
1943
1914
1902
1893
1884
1878
1884
1889
1891
1899
1907
1911
1912
1899
1901
1895
1885
1871
1869
1851
1837
1819
1811
1791
1779
1757
1751
1749
1748
1743
1747
1755
1759
1765
1775
1785
1803
1803
1819
1821
1834
1843
1855
1866
1871
1875
1889
1891
1891
1892
1897
1899
1897
1907
1927
1947
1971
2005
2055
2103
2150
2190
2229
2261
2282
2285
2292
2283
2269
2239
2215
2187
2151
2109
2075
2031
1995
1947
1912
1879
1839
1803
1783
1759
1749
1737
1745
1749
1759
1765
1781
1785
1804
1811
1821
1823
1827
1823
1828
1827
1821
1819
1821
1819
1811
1802
1800
1797
1789
1785
1791
1797
1791
1789
1804
1813
1814
1819
1829
1835
1839
1843
1847
1853
1863
1855
1853
1853
1853
1847
1850
1851
1862
1865
1881
1895
1929
1955
1992
2023
2065
2099
2136
2168
2195
2211
2230
2233
2231
2229
2221
2206
2193
2165
2153
2119
2084
2021
1957
1851
1705
1518
1339
1164
1011
885
803
751
733
739
765
815
887
967
1069
1175
1276
1367
1449
1517
1578
1627
1670
1692
1717
1725
1740
1747
1751
1751
1759
1764
1765
1764
1773
1783
1787
1802
1818
1833
1853
1875
1913
1945
1977
2007
2041
2076
2109
2148
2205
2291
2419
2577
2713
2830
2923
2983
3003
2980
2931
2845
2761
2661
2568
2473
2406
2347
2299
2259
2237
2213
2199
2181
2173
2167
2167
2172
2195
2217
2233
2251
2265
2269
2263
2239
2231
2204
2172
2138
2107
2077
2043
2009
1977
1945
1912
1875
1835
1804
1765
1725
1705
1691
1679
1669
1673
1679
1685
1688
1695
1699
1699
1682
1661
1625
1591
1541
1497
1446
1382
1321
1270
1235
1208
1204
1225
1255
1293
1344
1404
1463
1517
1580
1639
1678
1719
1751
1775
1791
1807
1807
1816
1815
1817
1811
1821
1833
1855
1881
1907
1951
1995
2027
2076
2111
2151
2175
2207
2227
2239
2247
2250
2245
2235
2223
2221
2217
2213
2213
2223
2233
2247
2255
2267
2271
2269
2267
2263
2260
2255
2235
2233
2223
2220
2207
2215
2208
2205
2189
2183
2168
2153
2124
2105
2085
2065
2036
2019
2009
1998
1983
1983
1978
1981
1979
1989
1983
1982
1976
1977
1967
1965
1961
1973
1975
1967
1951
1939
1904
1864
1820
1799
1772
1759
1757
1764
1763
1763
1753
1755
1757
1764
1766
1780
1797
1803
1823
1847
1874
1885
1887
1891
1891
1883
1867
1865
1868
1871
1875
1885
1895
1909
1909
1917
1911
1911
1897
1887
1879
1864
1843
1832
1815
1789
1771
1771
1751
1737
1723
1725
1725
1735
1727
1742
1750
1759
1765
1783
1799
1811
1815
1829
1831
1836
1831
1830
1827
1819
1807
1803
1801
1786
1771
1763
1743
1720
1695
1677
1652
1636
1615
1613
1609
1624
1635
1655
1677
1691
1711
1737
1753
1767
1767
1781
1785
1787
1785
1790
1787
1781
1771
1767
1759
1755
1752
1770
1791
1824
1853
1883
1915
1943
1965
1979
1977
1979
1973
1971
1976
1975
1976
1989
1993
2007
2021
2041
2084
2139
2199
2255
2298
2329
2329
2333
2311
2275
2233
2196
2149
2091
2037
1996
1955
1913
1875
1855
1836
1827
1815
1816
1817
1821
1824
1839
1853
1871
1880
1896
1915
1925
1933
1939
1957
1957
1950
1959
1965
1967
1967
1975
1973
1975
1970
1975
1973
1975
1973
1979
1977
1977
1976
1981
1983
1992
1981
1993
1999
1995
1999
2007
2007
2008
2003
2005
2004
2001
1993
1995
1991
1993
1980
1984
1983
1991
1980
1979
1981
1983
1979
1979
1989
1989
1979
1979
1979
1977
1976
1976
1981
1992
2004
2037
2073
2123
2171
2237
2309
2367
2437
2495
2542
2579
2596
2607
2599
2577
2541
2515
2475
2428
2379
2341
2295
2251
2205
2171
2143
2119
2101
2089
2087
2087
2089
2105
2119
2133
2141
2157
2169
2181
2173
2185
2180
2171
2156
2151
2131
2119
2095
2085
2065
2053
2028
2019
2005
1993
1980
1979
1975
1967
1965
1967
1967
1964
1961
1971
1968
1971
1963
1972
1971
1975
1971
1977
1976
1976
1971
1967
1967
1964
1963
1955
1951
1947
1939
1934
1930
1926
1911
1912
1903
1902
1895
1896
1893
1893
1895
1909
1933
1963
2006
2071
2131
2197
2261
2323
2377
2412
2439
2455
2455
2443
2412
2380
2341
2295
2245
2199
2149
2101
2055
2019
1981
1952
1927
1909
1903
1901
1903
1911
1929
1945
1957
1977
1990
2004
2011
2022
2021
2024
2014
2013
2007
1993
1973
1961
1945
1927
1909
1899
1889
1881
1869
1874
1871
1867
1865
1870
1876
1879
1879
1883
1884
1891
1885
1891
1895
1893
1895
1891
1891
1893
1885
1885
1885
1885
1880
1877
1877
1869
1855
1861
1850
1863
1864
1881
1901
1935
1973
2023
2075
2130
2168
2217
2251
2269
2277
2281
2275
2251
2215
2186
2143
2101
2059
2021
1982
1945
1904
1885
1866
1855
1839
1839
1844
1850
1861
1875
1891
1909
1919
1935
1947
1955
1951
1955
1951
1949
1933
1927
1903
1896
1879
1869
1851
1839
1823
1822
1815
1811
1802
1807
1810
1810
1811
1818
1824
1823
1828
1833
1833
1835
1824
1831
1829
1822
1816
1817
1813
1807
1797
1797
1791
1789
1785
1799
1813
1833
1864
1901
1957
2015
2076
2135
2187
2233
2269
2292
2297
2295
2275
2255
2216
2173
2121
2085
2034
1980
1939
1901
1871
1838
1817
1809
1799
1787
1787
1803
1813
1823
1836
1853
1875
1891
1898
1911
1917
1919
1919
1926
1927
1927
1913
1913
1909
1903
1892
1885
1879
1875
1861
1855
1844
1843
1831
1833
1821
1820
1815
1817
1815
1818
1816
1823
1823
1823
1827
1833
1836
1836
1837
1846
1847
1847
1845
1847
1855
1862
1871
1899
1931
1967
2007
2067
2111
2156
2197
2230
2254
2267
2261
2251
2234
2207
2168
2135
2103
2069
2027
2007
1979
1975
1973
1989
2015
2055
2095
2140
2175
2213
2235
2263
2269
2270
2264
2253
2234
2207
2187
2168
2147
2136
2117
2109
2101
2091
2077
2073
2067
2055
2029
2024
2011
1997
1980
1971
1961
1943
1927
1913
1901
1881
1850
1835
1813
1786
1759
1747
1721
1707
1687
1681
1663
1659
1645
1645
1642
1641
1643
1657
1664
1683
1706
1752
1799
1843
1903
1963
2019
2068
2091
2123
2134
2133
2116
2099
2068
2027
1977
1938
1896
1851
1803
1769
1742
1721
1700
1693
1693
1699
1703
1719
1737
1751
1763
1783
1797
1814
1824
1837
1843
1849
1845
1849
1853
1845
1840
1843
1837
1831
1821
1818
1811
1801
1786
1779
1771
1763
1748
1752
1747
1739
1727
1735
1735
1735
1737
1746
1758
1769
1779
1799
1819
1835
1849
1867
1883
1895
1895
1902
1899
1903
1894
1896
1889
1895
1895
1909
1929
1951
1977
2009
2034
2059
2072
2091
2085
2071
2054
2029
2007
1977
1945
1919
1897
1877
1854
1848
1835
1829
1815
1819
1817
1824
1831
1847
1866
1879
1885
1901
1910
1915
1912
1917
1912
1903
1891
1880
1864
1853
1837
1833
1818
1816
1805
1807
1811
1807
1813
1823
1835
1849
1864
1891
1911
1934
1959
1983
2005
2021
2027
2036
2037
2031
2020
2013
2003
1992
1972
1961
1951
1939
1913
1903
1903
1908
1901
1913
1933
1955
1973
2006
2031
2063
2077
2099
2107
2111
2103
2099
2083
2073
2045
2029
2009
1976
1950
1926
1903
1881
1864
1851
1847
1846
1838
1843
1849
1852
1855
1875
1880
1885
1883
1891
1891
1893
1879
1876
1869
1855
1843
1836
1830
1823
1815
1807
1807
1803
1798
1802
1799
1800
1791
1803
1800
1801
1802
1816
1814
1813
1811
1817
1817
1812
1813
1819
1822
1821
1829
1839
1855
1881
1903
1945
1989
2025
2065
2103
2135
2156
2169
2173
2175
2168
2149
2127
2104
2075
2035
2011
1983
1960
1931
1917
1896
1885
1870
1871
1865
1871
1871
1880
1885
1894
1899
1912
1927
1931
1939
1951
1955
1955
1951
1959
1961
1955
1951
1957
1959
1963
1959
1971
1977
1991
1999
2023
2039
2063
2072
2095
2108
2123
2131
2143
2152
2149
2147
2149
2147
2147
2141
2149
2147
2151
2157
2171
2189
2211
2229
2264
2285
2323
2343
2367
2387
2395
2395
2399
2393
2367
2335
2309
2267
2221
2167
2119
2069
2015
1957
1917
1874
1833
1799
1778
1764
1752
1749
1747
1753
1764
1769
1787
1811
1827
1836
1849
1865
1867
1861
1863
1849
1845
1833
1821
1811
1800
1785
1775
1769
1756
1747
1747
1745
1737
1737
1740
1749
1751
1759
1775
1784
1799
1797
1811
1817
1819
1819
1822
1821
1821
1817
1820
1823
1823
1823
1835
1854
1879
1903
1945
1983
2028
2067
2109
2135
2154
2167
2175
2173
2167
2146
2131
2104
2079
2041
2020
1989
1949
1927
1903
1889
1870
1853
1854
1853
1851
1863
1875
1883
1897
1902
1916
1933
1939
1934
1943
1940
1934
1917
1915
1907
1895
1879
1867
1863
1847
1835
1831
1827
1831
1821
1829
1831
1835
1837
1849
1847
1863
1855
1873
1879
1885
1893
1903
1911
1909
1911
1915
1913
1913
1907
1911
1909
1901
1903
1912
1929
1946
1966
2007
2043
2083
2116
2151
2183
2197
2201
2203
2197
2185
2153
2129
2101
2067
2025
1995
1967
1945
1917
1904
1885
1883
1875
1871
1870
1879
1881
1893
1895
1909
1919
1933
1946
1945
1950
1960
1959
1955
1947
1944
1934
1931
1909
1900
1893
1877
1861
1853
1843
1832
1815
1816
1811
1805
1801
1803
1803
1811
1803
1811
1817
1823
1821
1831
1836
1849
1849
1861
1856
1867
1863
1867
1865
1864
1856
1861
1855
1853
1849
1853
1855
1863
1871
1895
1928
1958
1997
2042
2085
2121
2147
2174
2189
2191
2181
2167
2141
2112
2071
2043
2008
1975
1941
1913
1896
1875
1855
1851
1850
1851
1849
1867
1879
1895
1907
1928
1941
1955
1961
1975
1973
1978
1967
1965
1957
1943
1926
1916
1901
1884
1871
1855
1843
1831
1823
1823
1821
1821
1818
1823
1827
1829
1831
1837
1843
1845
1844
1847
1855
1863
1863
1865
1869
1869
1864
1864
1866
1863
1851
1855
1863
1863
1855
1863
1862
1863
1855
1861
1852
1853
1853
1867
1880
1899
1920
1961
1999
2039
2083
2127
2159
2186
2201
2211
2214
2201
2173
2157
2131
2099
2061
2028
1997
1965
1941
1915
1901
1891
1877
1877
1877
1880
1879
1883
1898
1909
1913
1929
1934
1943
1941
1944
1939
1939
1929
1925
1914
1907
1898
1895
1893
1885
1881
1879
1879
1875
1870
1870
1870
1873
1870
1879
1881
1883
1879
1887
1895
1895
1887
1897
1899
1899
1897
1899
1901
1901
1896
1897
1899
1897
1890
1891
1883
1879
1871
1873
1866
1865
1853
1864
1865
1869
1875
1893
1917
1945
1976
2023
2069
2108
2152
2188
2221
2230
2237
2246
2233
2221
2195
2172
2147
2117
2085
2060
2028
2004
1975
1959
1943
1935
1927
1919
1926
1925
1927
1940
1951
1965
1972
1983
1983
1993
1992
1994
1991
1989
1976
1976
1961
1951
1940
1933
1926
1909
1899
1896
1886
1883
1878
1883
1879
1883
1881
1892
1895
1896
1889
1893
1887
1883
1874
1871
1867
1864
1855
1861
1867
1871
1869
1876
1880
1885
1881
1883
1891
1892
1885
1886
1883
1885
1880
1887
1891
1903
1916
1947
1976
2006
2037
2083
2116
2139
2159
2174
2185
2175
2158
2149
2122
2092
2057
2028
2003
1973
1940
1917
1899
1885
1869
1873
1871
1874
1877
1883
1899
1911
1917
1939
1949
1958
1961
1965
1965
1963
1957
1959
1948
1945
1931
1929
1913
1903
1891
1885
1879
1869
1855
1865
1853
1850
1847
1851
1851
1847
1851
1853
1861
1864
1866
1877
1883
1887
1883
1893
1893
1891
1885
1885
1893
1893
1882
1883
1885
1885
1877
1875
1875
1875
1863
1865
1855
1865
1863
1878
1893
1909
1934
1967
2011
2037
2072
2105
2132
2143
2153
2156
2151
2133
2111
2101
2075
2043
2013
1993
1968
1947
1915
1909
1897
1895
1887
1895
1907
1917
1919
1949
1965
1981
1990
2005
2009
2009
2005
2004
1995
1991
1975
1967
1957
1947
1935
1929
1915
1909
1896
1893
1885
1881
1876
1879
1880
1878
1879
1885
1891
1889
1892
1899
1899
1898
1897
1899
1901
1901
1895
1899
1899
1897
1884
1887
1891
1885
1879
1877
1879
1877
1877
1885
1907
1927
1951
1989
2025
2069
2103
2143
2169
2197
2201
2211
2197
2184
2156
2135
2106
2075
2043
2019
1990
1963
1939
1927
1913
1899
1898
1909
1915
1929
1937
1960
1973
1990
1996
2007
2013
2013
2009
2009
2007
1996
1979
1971
1963
1949
1939
1931
1926
1915
1901
1901
1895
1894
1886
1893
1891
1893
1891
1895
1893
1899
1899
1903
1907
1902
1899
1899
1897
1896
1892
1891
1887
1883
1878
1883
1883
1887
1893
1917
1939
1967
1995
2039
2079
2111
2142
2171
2191
2201
2196
2195
2185
2159
2137
2105
2079
2059
2013
1991
1957
1933
1903
1893
1875
1869
1864
1871
1875
1883
1893
1909
1929
1941
1949
1963
1974
1972
1965
1968
1965
1961
1949
1949
1941
1933
1917
1913
1907
1900
1885
1887
1889
1885
1883
1883
1884
1882
1881
1883
1886
1885
1882
1883
1881
1884
1881
1887
1881
1890
1885
1901
1893
1899
1896
1895
1897
1891
1880
1881
1875
1871
1876
1885
1901
1927
1959
2003
2044
2093
2133
2181
2213
2236
2253
2261
2254
2246
2218
2199
2168
2137
2100
2072
2035
2003
1967
1943
1919
1903
1887
1886
1881
1883
1883
1895
1901
1914
1916
1931
1931
1939
1935
1939
1933
1918
1912
1903
1893
1879
1866
1863
1853
1846
1834
1835
1835
1837
1831
1839
1843
1845
1843
1851
1865
1864
1864
1869
1871
1875
1868
1875
1875
1875
1871
1874
1877
1879
1871
1882
1877
1880
1875
1875
1871
1869
1863
1867
1866
1863
1861
1863
1863
1855
1855
1867
1867
1875
1881
1907
1939
1974
2019
2075
2131
2180
2215
2251
2277
2285
2276
2269
2253
2221
2190
2153
2119
2084
2039
2009
1981
1957
1931
1915
1909
1899
1893
1899
1899
1909
1912
1927
1933
1943
1947
1963
1963
1966
1959
1961
1956
1945
1944
1942
1939
1928
1916
1916
1907
1901
1891
1891
1885
1880
1875
1880
1881
1883
1883
1890
1891
1893
1891
1887
1890
1887
1879
1880
1879
1874
1867
1871
1869
1871
1871
1874
1875
1877
1868
1877
1875
1877
1874
1879
1879
1870
1867
1869
1867
1862
1863
1865
1865
1866
1871
1887
1911
1943
1977
2025
2074
2123
2157
2199
2223
2239
2237
2235
2220
2195
2159
2131
2101
2063
2019
1981
1955
1931
1898
1885
1871
1865
1855
1864
1863
1871
1875
1887
1899
1901
1909
1917
1927
1925
1928
1929
1928
1927
1913
1911
1902
1896
1881
1880
1869
1863
1844
1845
1839
1839
1829
1832
1837
1843
1838
1845
1849
1852
1853
1855
1867
1869
1867
1871
1869
1871
1869
1873
1869
1867
1864
1866
1864
1862
1855
1862
1863
1867
1868
1883
1899
1918
1951
1991
2031
2073
2115
2159
2193
2219
2229
2237
2236
2222
2199
2180
2146
2119
2076
2042
2011
1979
1946
1927
1910
1895
1880
1880
1884
1891
1895
1913
1928
1941
1949
1965
1971
1975
1967
1975
1960
1952
1941
1933
1919
1903
1895
1891
1881
1871
1864
1865
1862
1862
1861
1863
1865
1868
1863
1867
1871
1871
1869
1877
1883
1884
1883
1891
1896
1899
1897
1896
1903
1908
1902
1903
1903
1907
1900
1907
1912
1944
1950
1981
2015
2067
2105
2152
2197
2227
2253
2269
2275
2263
2245
2215
2185
2142
2103
2073
2030
1995
1962
1939
1915
1895
1878
1878
1876
1875
1875
1884
1899
1909
1917
1931
1945
1955
1952
1959
1959
1951
1941
1933
1917
1902
1883
1877
1861
1849
1836
1835
1827
1827
1821
1828
1831
1831
1835
1847
1852
1853
1855
1875
1875
1869
1871
1880
1883
1885
1881
1883
1884
1885
1880
1883
1887
1889
1883
1887
1893
1893
1893
1890
1897
1895
1891
1898
1899
1903
1901
1913
1929
1956
1983
2035
2079
2136
2187
2235
2271
2302
2321
2333
2331
2316
2287
2265
2229
2189
2149
2120
2090
2055
2019
2003
1982
1961
1949
1948
1945
1940
1939
1941
1941
1939
1935
1944
1941
1935
1933
1931
1931
1917
1907
1897
1893
1883
1869
1865
1849
1846
1837
1845
1835
1837
1835
1839
1843
1845
1843
1848
1850
1848
1849
1855
1863
1855
1854
1866
1864
1865
1853
1861
1855
1853
1846
1848
1848
1846
1840
1843
1847
1848
1839
1839
1839
1843
1833
1835
1836
1837
1832
1834
1836
1835
1831
1835
1836
1839
1845
1860
1877
1907
1943
1983
2031
2083
2123
2167
2200
2207
2219
2219
2206
2182
2151
2127
2101
2067
2025
2009
1981
1960
1934
1918
1911
1899
1891
1891
1897
1899
1907
1914
1934
1945
1947
1955
1961
1963
1958
1959
1947
1941
1925
1917
1899
1887
1869
1869
1851
1849
1843
1840
1837
1830
1828
1829
1827
1821
1833
1827
1831
1835
1832
1843
1845
1849
1847
1853
1853
1851
1847
1849
1847
1844
1836
1837
1836
1835
1835
1834
1836
1835
1833
1829
1833
1843
1837
1845
1847
1853
1853
1869
1875
1890
1902
1931
1958
1989
2023
2069
2108
2147
2185
2229
2267
2294
2319
2340
2348
2346
2330
2315
2285
2253
2205
2171
2131
2089
2043
2009
1979
1945
1916
1896
1885
1875
1861
1863
1866
1871
1871
1883
1889
1893
1891
1897
1895
1886
1887
1885
1880
1874
1863
1853
1843
1833
1821
1820
1820
1815
1815
1823
1831
1827
1833
1844
1848
1863
1863
1870
1877
1879
1879
1887
1891
1892
1882
1883
1885
1881
1871
1867
1867
1861
1848
1851
1848
1845
1835
1838
1837
1839
1837
1845
1841
1845
1839
1847
1845
1847
1843
1847
1849
1851
1849
1860
1861
1860
1855
1863
1861
1856
1851
1863
1867
1883
1899
1941
1977
2024
2076
2136
2188
2235
2269
2299
2317
2318
2303
2291
2269
2245
2203
2169
2139
2106
2067
2035
1999
1973
1945
1931
1911
1907
1899
1900
1903
1908
1913
1928
1935
1941
1944
1950
1949
1947
1943
1944
1939
1929
1911
1907
1894
1883
1865
1864
1861
1853
1850
1845
1847
1848
1844
1845
1850
1851
1851
1851
1855
1861
1855
1867
1865
1867
1863
1867
1863
1867
1855
1863
1862
1856
1853
1853
1851
1849
1848
1838
1847
1845
1841
1844
1845
1847
1840
1848
1848
1850
1847
1855
1863
1867
1867
1873
1874
1869
1863
1864
1867
1863
1854
1855
1861
1863
1867
1885
1916
1957
1995
2053
2104
2159
2206
2255
2281
2309
2311
2303
2286
2261
2229
2200
2157
2121
2079
2045
2013
1977
1949
1933
1915
1899
1886
1883
1891
1883
1883
1897
1903
1917
1919
1933
1941
1945
1942
1941
1945
1941
1929
1925
1914
1903
1887
1878
1875
1865
1849
1845
1836
1836
1833
1839
1843
1848
1851
1863
1868
1871
1875
1883
1891
1887
1890
1893
1893
1895
1895
1899
1901
1901
1899
1901
1899
1897
1886
1891
1884
1878
1865
1871
1869
1865
1860
1865
1867
1865
1863
1864
1869
1867
1865
1877
1871
1877
1867
1875
1869
1873
1869
1875
1875
1880
1886
1909
1935
1965
2011
2071
2123
2171
2217
2264
2298
2323
2326
2327
2311
2283
2245
2213
2172
2132
2083
2040
2005
1965
1931
1909
1893
1881
1868
1869
1879
1891
1891
1907
1919
1939
1945
1955
1959
1964
1962
1967
1959
1960
1951
1951
1943
1935
1927
1917
1909
1896
1885
1882
1879
1869
1863
1867
1867
1867
1855
1869
1871
1879
1875
1883
1885
1885
1883
1886
1887
1885
1880
1883
1881
1875
1870
1867
1869
1865
1855
1861
1854
1855
1850
1851
1849
1851
1849
1848
1847
1852
1845
1851
1851
1853
1852
1867
1873
1881
1896
1931
1963
2011
2063
2123
2180
2223
2263
2297
2314
2324
2313
2297
2276
2245
2197
2165
2131
2089
2040
2011
1979
1956
1927
1911
1903
1897
1893
1901
1903
1916
1926
1940
1948
1959
1961
1964
1959
1957
1946
1944
1933
1919
1909
1899
1891
1881
1870
1871
1867
1863
1862
1864
1867
1871
1875
1882
1886
1891
1886
1897
1897
1901
1897
1897
1901
1901
1896
1895
1891
1885
1881
1881
1883
1882
1875
1877
1875
1877
1875
1885
1885
1893
1891
1897
1895
1893
1893
1895
1895
1894
1890
1897
1901
1907
1919
1944
1977
2015
2068
2121
2169
2223
2264
2299
2325
2334
2327
2319
2296
2268
2229
2195
2159
2121
2079
2044
2015
1982
1955
1940
1915
1911
1907
1895
1892
1897
1907
1915
1917
1929
1931
1943
1948
1945
1944
1947
1945
1939
1931
1927
1913
1902
1891
1887
1879
1875
1863
1863
1854
1855
1848
1853
1854
1861
1855
1861
1865
1866
1864
1865
1864
1863
1855
1862
1864
1864
1851
1861
1853
1862
1850
1860
1851
1855
1849
1851
1852
1853
1849
1861
1861
1855
1855
1862
1863
1851
1851
1863
1861
1863
1847
1851
1853
1863
1865
1885
1913
1949
1992
2045
2107
2171
2227
2280
2328
2351
2365
2364
2356
2328
2291
2253
2215
2167
2111
2073
2025
1989
1947
1925
1896
1885
1871
1877
1879
1885
1901
1930
1951
1977
1997
2027
2054
2067
2077
2087
2088
2084
2067
2056
2035
2015
1988
1971
1947
1925
1897
1886
1875
1863
1849
1851
1853
1864
1874
1883
1902
1915
1926
1935
1944
1947
1943
1944
1943
1939
1928
1925
1912
1901
1883
1877
1864
1845
1833
1823
1818
1803
1797
1800
1799
1803
1805
1819
1829
1835
1837
1853
1861
1873
1876
1887
1896
1903
1907
1931
1960
1992
2025
2073
2121
2165
2205
2238
2269
2283
2284
2281
2263
2237
2201
2165
2121
2084
2031
1995
1959
1927
1894
1878
1863
1851
1848
1855
1865
1869
1881
1896
1903
1913
1913
1925
1927
1919
1917
1911
1907
1898
1883
1881
1869
1853
1837
1823
1816
1804
1790
1783
1780
1781
1771
1775
1775
1775
1775
1785
1788
1799
1804
1819
1823
1835
1837
1848
1851
1847
1861
1871
1879
1883
1891
1897
1903
1899
1901
1906
1902
1901
1887
1892
1885
1881
1877
1879
1880
1881
1878
1881
1881
1883
1875
1877
1879
1877
1870
1875
1875
1881
1885
1901
1927
1959
1989
2026
2065
2101
2127
2156
2172
2187
2185
2187
2169
2150
2125
2103
2075
2031
2004
1977
1944
1915
1883
1867
1848
1835
1820
1823
1819
1831
1831
1844
1855
1869
1872
1884
1896
1903
1903
1907
1903
1902
1895
1887
1880
1873
1853
1848
1843
1838
1828
1832
1823
1827
1819
1823
1821
1829
1824
1837
1843
1849
1855
1868
1877
1875
1880
1885
1882
1880
1873
1871
1869
1867
1863
1865
1865
1865
1865
1869
1869
1877
1863
1861
1865
1864
1855
1853
1852
1852
1847
1847
1851
1847
1845
1850
1850
1864
1871
1897
1917
1951
1981
2021
2059
2087
2109
2135
2147
2148
2142
2136
2120
2095
2069
2043
2018
1990
1951
1930
1901
1881
