1397
1301
1227
1163
1106
1071
1079
1117
1239
1449
1801
2268
2847
3656
4095
4095
4095
4095
4095
4095
4095
4095
4095
4095
4095
4095
3801
2876
2188
1599
1079
669
389
231
179
239
373
599
845
1127
1399
1659
1873
2031
2133
2186
2195
2147
2067
1961
1836
1695
1545
1404
1285
1161
1053
987
939
907
883
925
1011
1179
1462
1880
2404
3049
4025
4095
4095
4095
4095
4095
4095
4095
4095
4095
4095
4095
4095
3531
2706
2041
1419
931
533
249
55
3
30
154
346
583
855
1123
1395
1643
1831
1997
2099
2166
2183
2155
2086
1992
1892
1770
1625
1512
1401
1300
1203
1134
1071
1031
997
1039
1146
1357
1695
2175
2741
3525
4095
4095
4095
4095
4095
4095
4095
4095
4095
4095
4095
4095
3157
2420
1752
1135
628
251
0
0
0
0
0
103
363
669
987
1285
1572
1788
1961
2075
2125
2127
2084
1997
1867
1741
1583
1405
1246
1097
937
795
665
580
499
473
502
659
941
1353
1893
2505
3207
4095
4095
4095
4095
4095
4095
4095
4095
4095
3974
3128
2479
1883
1317
850
473
171
0
0
0
0
57
271
543
840
1135
1435
1707
1919
2083
2200
2249
2248
2190
2102
1966
1811
1639
1463
1304
1163
1043
940
871
825
831
917
1078
1357
1755
2261
2853
3655
4095
4095
4095
4095
4095
4095
4095
4095
4095
4095
4095
3259
2557
1981
1451
983
618
376
213
157
181
302
473
699
947
1207
1461
1677
1871
2012
2107
2149
2135
2085
2011
1897
1773
1643
1493
1353
1199
1097
1006
939
949
1041
1243
1575
2042
2616
3359
4095
4095
4095
4095
4095
4095
4095
4095
4095
4095
4095
4095
4095
3289
2541
1899
1315
845
507
273
151
127
211
356
575
826
1112
1380
1645
1865
2027
2136
2189
2199
2167
2096
1995
1867
1735
1593
1453
1308
1191
1096
1033
1004
1083
1251
1581
2063
2659
3485
4095
4095
4095
4095
4095
4095
4095
4095
4095
4095
4095
4095
4095
4095
3471
2659
2013
1438
1003
671
429
312
297
377
524
727
965
1223
1455
1684
1865
1992
2073
2094
2085
2027
1929
1802
1663
1523
1382
1237
1125
1013
920
841
823
867
1021
1336
1802
2419
3209
4095
4095
4095
4095
4095
4095
4095
4095
4095
4095
4095
4095
4095
4095
4095
3787
2795
2107
1501
989
621
393
283
267
371
551
765
1005
1252
1485
1689
1849
1944
1993
1995
1949
1851
1757
1627
1485
1341
1203
1079
957
845
763
687
631
619
621
711
903
1215
1715
2348
3148
4095
4095
4095
4095
4095
4095
4095
4095
4095
4095
4095
4095
4095
4095
4095
3646
2676
1997
1371
872
496
270
141
149
233
405
604
856
1097
1355
1571
1736
1849
1915
1917
1877
1783
1679
1553
1399
1252
1128
990
883
790
725
663
628
614
617
627
658
695
811
1000
1325
1801
2392
3145
4095
4095
4095
4095
4095
4095
4095
4095
4095
4095
4095
4095
4095
4095
3245
2456
1783
1173
697
331
77
0
0
0
152
364
639
918
1179
1429
1637
1815
1917
1979
1991
1941
1865
1753
1629
1497
1354
1205
1087
971
883
782
739
667
655
623
629
636
669
715
821
991
1275
1676
2195
2809
3667
4095
4095
4095
4095
4095
4095
4095
4095
4095
4095
4095
4095
3235
2505
1879
1307
810
447
189
23
0
0
105
299
531
775
1060
1317
1559
1765
1906
1999
2057
2063
2009
1929
1807
1685
1551
1405
1256
1152
1037
942
870
819
765
743
734
757
781
845
915
1067
1293
1631
2089
2619
3305
4095
4095
4095
4095
4095
4095
4095
4095
4095
4095
4095
4095
3641
2791
2151
1575
1055
624
316
99
0
0
29
179
377
637
903
1189
1440
1677
1853
2004
2089
2118
2105
2035
1945
1800
1655
1511
1367
1213
1101
979
883
818
775
747
729
729
745
800
903
1070
1351
1755
2255
2848
3631
4095
4095
4095
4095
4095
4095
4095
4095
4095
4095
4095
3768
2922
2275
1677
1171
742
419
183
61
22
87
213
407
639
907
1165
1433
1661
1847
1965
2041
2071
2056
2003
1917
1804
1675
1528
1416
1293
1184
1080
993
920
863
813
793
787
815
889
1070
1341
1733
2223
2791
3512
4095
4095
4095
4095
4095
4095
4095
4095
4095
4095
3923
3069
2425
1829
1314
862
482
206
27
0
0
0
119
310
536
787
1046
1285
1511
1693
1846
1949
2003
2010
1983
1917
1823
1706
1593
1465
1327
1205
1101
1013
927
863
820
793
807
867
1008
1273
1630
2107
2651
3309
4095
4095
4095
4095
4095
4095
4095
4095
4095
4095
3803
3029
2425
1877
1400
955
621
361
207
137
143
245
404
619
863
1127
1387
1641
1847
2021
2143
2200
2229
2187
2125
2030
1917
1781
1647
1527
1389
1273
1179
1087
1012
951
949
972
1077
1289
1619
2029
2539
3155
3959
4095
4095
4095
4095
4095
4095
4095
4095
4095
4095
3248
2621
2059
1528
1055
667
365
157
41
31
93
251
463
727
1007
1293
1583
1819
2025
2175
2271
2315
2295
2238
2143
2031
1891
1753
1612
1467
1350
1213
1125
1048
1008
1039
1177
1418
1797
2263
2837
3589
4095
4095
4095
4095
4095
4095
4095
4095
4095
4095
4095
3641
2887
2295
1755
1294
927
633
447
373
390
491
661
855
1095
1321
1574
1781
1960
2093
2167
2207
2189
2147
2056
1951
1833
1693
1551
1406
1273
1147
1050
987
957
999
1135
1417
1837
2350
2987
3887
4095
4095
4095
4095
4095
4095
4095
4095
4095
4095
4095
4095
4095
3241
2535
1967
1453
1021
711
522
443
443
533
681
888
1125
1373
1597
1787
1939
2040
2079
2085
2025
1934
1813
1677
1513
1367
1224
1098
983
889
814
796
814
941
1193
1607
2134
2790
3693
4095
4095
4095
4095
4095
4095
4095
4095
4095
4095
4095
4095
4095
3480
2658
2053
1501
1055
710
488
370
345
410
555
747
957
1179
1420
1635
1799
1913
1994
2027
2008
1931
1833
1704
1567
1407
1269
1147
1015
903
823
759
719
735
819
993
1301
1757
2326
3027
4070
4095
4095
4095
4095
4095
4095
4095
4095
4095
4095
4095
4095
4095
3308
2580
1979
1446
1005
680
447
327
308
396
559
761
1015
1269
1515
1737
1916
2030
2093
2093
2041
1965
1848
1703
1561
1395
1250
1110
1001
901
810
749
713
699
728
812
1004
1307
1767
2335
3016
4008
4095
4095
4095
4095
4095
4095
4095
4095
4095
4095
4095
4095
3678
2789
2171
1613
1125
745
479
329
279
298
423
599
813
1045
1305
1533
1727
1879
1981
2027
2023
1972
1899
1779
1663
1519
1401
1270
1161
1050
970
893
857
827
823
841
855
869
916
958
1065
1231
1527
1960
2508
3225
4095
4095
4095
4095
4095
4095
4095
4095
4095
4095
4095
4095
4095
4095
3627
2776
2158
1611
1139
786
555
447
428
503
663
864
1099
1363
1597
1805
1950
2056
2101
2101
2041
1944
1820
1675
1515
1349
1197
1069
952
863
804
773
741
749
773
797
840
880
947
989
1033
1085
1159
1250
1416
1679
2068
2575
3239
4095
4095
4095
4095
4095
4095
4095
4095
4095
4095
4095
4095
4095
4095
4095
3043
2351
1785
1289
901
629
499
455
523
661
871
1107
1370
1627
1837
2019
2137
2200
2213
2181
2110
1999
1895
1780
1645
1507
1385
1257
1151
1053
953
879
821
775
744
730
727
727
755
795
844
921
1065
1297
1612
2074
2623
3347
4095
4095
4095
4095
4095
4095
4095
4095
4095
4095
4095
4095
4095
3790
2901
2249
1672
1164
798
531
367
311
348
486
679
918
1189
1449
1673
1891
2055
2152
2199
2183
2132
2037
1915
1771
1635
1479
1318
1183
1085
996
921
862
831
811
787
781
793
821
885
1021
1261
1619
2093
2667
3391
4095
4095
4095
4095
4095
4095
4095
4095
4095
4095
4095
4095
3635
2799
2143
1591
1099
697
411
253
197
230
363
560
815
1095
1382
1656
1900
2104
2237
2329
2329
2293
2199
2087
1947
1782
1627
1483
1351
1211
1100
1015
949
885
839
827
855
906
1052
1309
1699
2200
2808
3643
4095
4095
4095
4095
4095
4095
4095
4095
4095
4095
4095
4095
4095
3951
2952
2291
1695
1179
790
537
380
349
396
543
744
979
1243
1491
1723
1913
2040
2135
2183
2159
2106
2015
1901
1768
1626
1484
1351
1226
1109
1035
943
880
831
823
825
873
999
1242
1629
2147
2797
3725
4095
4095
4095
4095
4095
4095
4095
4095
4095
4095
4095
4095
4095
4095
4095
3559
2695
2041
1453
1013
709
499
401
411
501
664
879
1111
1335
1559
1735
1875
1963
2005
1979
1920
1829
1712
1589
1452
1320
1195
1067
969
884
797
741
711
696
719
793
957
1245
1675
2253
2943
3995
4095
4095
4095
4095
4095
4095
4095
4095
4095
4095
4095
4095
4095
4095
4095
3027
2280
1640
1115
711
421
244
200
249
391
563
799
1052
1304
1544
1751
1915
2020
2063
2059
2005
1917
1769
1631
1482
1317
1171
1045
915
814
742
687
667
653
664
743
861
1093
1451
1963
2607
3476
4095
4095
4095
4095
4095
4095
4095
4095
4095
4095
4095
4095
4095
4095
4095
3799
2779
2071
1429
909
523
275
142
132
203
363
587
831
1099
1327
1517
1715
1821
1893
1910
1875
1803
1704
1597
1481
1335
1223
1095
984
872
799
725
674
653
657
711
830
1077
1449
1965
2585
3381
4095
4095
4095
4095
4095
4095
4095
4095
4095
4095
4095
4095
4095
3491
2649
1967
1373
872
469
167
15
0
0
70
264
475
740
1001
1254
1481
1673
1801
1885
1919
1903
1843
1767
1657
1543
1390
1259
1139
1031
911
844
765
722
713
731
819
1012
1322
1771
2327
2964
3852
4095
4095
4095
4095
4095
4095
4095
4095
4095
4095
4095
3371
2633
2003
1407
902
521
230
44
0
0
107
270
490
745
1006
1271
1498
1709
1875
1967
2017
2013
1982
1909
1803
1687
1565
1415
1279
1172
1051
951
862
815
782
778
819
933
1144
1478
1938
2480
3159
4095
4095
4095
4095
4095
4095
4095
4095
4095
4095
4095
4095
3364
2615
2014
1465
987
602
355
181
114
149
249
430
647
905
1157
1403
1635
1815
1951
2034
2071
2063
2012
1931
1820
1691
1572
1453
1319
1189
1086
1003
909
845
825
839
878
1011
1256
1615
2088
2651
3348
4095
4095
4095
4095
4095
4095
4095
4095
4095
4095
4095
3773
2924
2296
1720
1209
803
456
230
101
91
148
277
472
717
983
1261
1515
1741
1932
2063
2141
2169
2143
2078
1981
1868
1720
1567
1444
1303
1159
1047
951
883
831
789
795
859
998
1259
1634
2117
2683
3404
4095
4095
4095
4095
4095
4095
4095
4095
4095
4095
4095
3899
3035
2399
1829
1291
879
553
311
185
171
233
359
557
783
1041
1303
1555
1765
1947
2072
2146
2183
2157
2089
1998
1879
1752
1608
1463
1327
1207
1097
1001
937
877
843
830
857
982
1190
1518
1955
2471
3087
3958
4095
4095
4095
4095
4095
4095
4095
4095
4095
4095
4095
3179
2529
1945
1420
955
618
391
235
183
219
334
503
725
956
1223
1463
1681
1866
2013
2120
2169
2188
2150
2055
1935
1805
1657
1498
1338
1199
1071
957
853
783
723
683
669
726
855
1091
1455
1933
2485
3141
4044
4095
4095
4095
4095
4095
4095
4095
4095
4095
3963
3109
2456
1900
1373
927
568
337
187
127
164
280
473
686
949
1225
1502
1758
1968
2135
2228
2277
2264
2207
2124
2005
1867
1717
1572
1425
1292
1181
1067
975
907
873
861
917
1053
1293
1655
2131
2680
3353
4095
4095
4095
4095
4095
4095
4095
4095
4095
4095
3817
3015
2388
1821
1285
863
535
285
148
104
147
284
499
735
1005
1280
1547
1787
1999
2133
2219
2259
2239
2170
2079
1959
1815
1661
1497
1367
1253
1123
1021
948
919
935
1035
1242
1581
2029
2591
3277
4095
4095
4095
4095
4095
4095
4095
4095
4095
4095
4095
4095
3801
2935
2280
1735
1225
827
533
359
287
297
381
552
780
1017
1285
1532
1755
1933
2043
2129
2155
2117
2030
1933
1811
1670
1505
1378
1241
1114
1001
927
885
887
988
1197
1555
2041
2643
3428
4095
4095
4095
4095
4095
4095
4095
4095
4095
4095
4095
4095
4095
4095
3287
2583
1993
1485
1050
759
573
495
506
615
767
965
1193
1401
1607
1775
1898
1980
2021
1995
1933
1844
1725
1596
1443
1299
1146
1007
890
794
741
712
741
869
1113
1507
2057
2696
3603
4095
4095
4095
4095
4095
4095
4095
4095
4095
4095
4095
4095
4095
4095
3737
2853
2203
1628
1151
787
519
348
283
307
377
496
649
819
981
1131
1259
1373
1439
1469
1479
1455
1416
1337
1272
1192
1103
1033
964
906
869
840
831
827
853
915
1060
1311
1712
2249
2901
3884
4095
4095
4095
4095
4095
4095
4095
4095
4095
4095
4095
4095
4095
4095
4095
3175
2489
1903
1421
1055
787
610
539
555
637
763
951
1133
1333
1500
1645
1747
1811
1812
1775
1696
1595
1460
1327
1203
1071
948
851
787
733
694
683
691
697
726
759
795
828
879
948
1053
1229
1500
1887
2409
3051
4065
4095
4095
4095
4095
4095
4095
4095
4095
4095
4095
4095
4095
4095
4095
3870
2931
2297
1747
1275
893
667
525
479
531
645
827
1044
1268
1459
1647
1787
1871
1907
1895
1842
1747
1641
1497
1352
1196
1063
937
855
755
687
651
619
616
623
651
713
743
800
869
931
991
1055
1116
1177
1233
1279
1331
1431
1568
1819
2181
2645
3278
4095
4095
4095
4095
4095
4095
4095
4095
4095
4095
4095
4095
4095
4095
3643
2825
2250
1717
1269
933
701
571
536
591
723
889
1102
1325
1543
1742
1898
2015
2089
2099
2063
1963
1849
1711
1573
1417
1287
1149
1023
935
857
820
780
761
773
783
808
863
930
989
1065
1133
1207
1263
1307
1350
1389
1443
1548
1718
1991
2343
2812
3479
4095
4095
4095
4095
4095
4095
4095
4095
4095
4095
4095
4095
4095
4095
3445
2718
2183
1687
1271
958
779
659
658
722
855
1049
1256
1454
1672
1832
1956
2037
2083
2065
2005
1911
1800
1688
1565
1431
1319
1213
1129
1056
1017
987
959
946
953
959
984
1005
1049
1077
1109
1125
1150
1193
1289
1420
1628
1955
2361
2857
3525
4095
4095
4095
4095
4095
4095
4095
4095
4095
4095
4095
3845
3023
2411
1851
1371
950
631
391
261
222
266
379
559
779
1005
1255
1497
1707
1873
1989
2057
2074
2043
1975
1891
1776
1640
1512
1373
1247
1127
1008
918
849
787
733
713
702
713
755
811
902
1064
1293
1623
2045
2556
3173
3992
4095
4095
4095
4095
4095
4095
4095
4095
4095
4095
3950
3117
2485
1915
1403
989
667
429
294
243
296
421
594
799
1048
1293
1551
1772
1951
2095
2164
2219
2217
2164
2066
1951
1823
1671
1517
1395
1269
1179
1071
1003
959
938
895
917
935
991
1124
1355
1670
2109
2617
3237
4089
4095
4095
4095
4095
4095
4095
4095
4095
4095
4095
3881
3061
2445
1853
1361
921
579
330
197
139
191
315
492
729
999
1258
1524
1757
1945
2072
2153
2173
2156
2087
1991
1895
1771
1638
1519
1399
1277
1167
1081
1005
948
887
880
888
965
1081
1323
1662
2109
2642
3276
4095
4095
4095
4095
4095
4095
4095
4095
4095
4095
4095
3693
2904
2299
1737
1252
851
552
335
237
231
294
423
627
864
1110
1365
1621
1838
2021
2141
2207
2216
2171
2095
1995
1861
1715
1559
1419
1291
1173
1075
997
937
895
875
891
938
1072
1311
1671
2131
2649
3294
4095
4095
4095
4095
4095
4095
4095
4095
4095
4095
4095
3255
2631
2079
1565
1118
781
495
329
233
237
316
439
627
839
1071
1317
1564
1769
1927
2039
2107
2124
2117
2055
1961
1863
1743
1605
1466
1353
1235
1130
1041
987
957
969
1036
1175
1419
1775
2233
2750
3433
4095
4095
4095
4095
4095
4095
4095
4095
4095
4095
4095
3537
2796
2185
1643
1167
761
457
237
150
139
220
363
579
811
1054
1315
1574
1799
1976
2101
2171
2191
2167
2102
1995
1861
1701
1549
1401
1259
1126
1039
953
905
887
935
1055
1279
1625
2065
2585
3205
4043
4095
4095
4095
4095
4095
4095
4095
4095
4095
3763
2989
2383
1867
1374
971
653
440
312
280
339
469
663
895
1157
1433
1701
1917
2093
2231
2315
2341
2315
2267
2183
2071
1931
1783
1641
1485
1336
1230
1130
1065
1039
1096
1256
1528
1933
2425
3025
3838
4095
4095
4095
4095
4095
4095
4095
4095
4095
4095
4095
3407
2679
2118
1609
1175
813
573
435
379
420
538
713
933
1183
1447
1694
1914
2079
2201
2281
2286
2257
2196
2099
1966
1835
1702
1556
1419
1289
1196
1112
1067
1085
1197
1430
1801
2309
2911
3799
4095
4095
4095
4095
4095
4095
4095
4095
4095
4095
4095
4095
4095
4095
3183
2513
1935
1435
1047
775
605
539
574
667
823
994
1207
1435
1620
1784
1915
1996
2021
2015
1956
1869
1753
1610
1479
1341
1205
1065
969
879
809
776
815
950
1209
1628
2175
2841
3773
4095
4095
4095
4095
4095
4095
4095
4095
4095
4095
4095
4095
4095
4095
4095
3223
2514
1964
1493
1115
840
681
631
663
762
927
1113
1311
1499
1678
1809
1901
1945
1949
1910
1843
1728
1621
1493
1349
1209
1101
980
876
799
743
717
675
678
701
764
882
1127
1487
2003
2629
3503
4095
4095
4095
4095
4095
4095
4095
4095
4095
4095
4095
4095
4095
4095
4095
4095
4095
3160
2516
2011
1631
1340
1183
1107
1140
1234
1385
1563
1745
1899
2035
2132
2204
2217
2199
2142
2059
1967
1828
1689
1571
1463
1367
1317
1294
1301
1324
1357
1429
1523
1625
1751
1898
2059
2229
2479
2777
3183
3743
4095
4095
4095
4095
4095
4095
4095
4095
4095
4095
4095
4095
4095
4095
4095
4095
4095
4095
4095
4095
4095
4095
4095
4095
4095
4095
4095
4095
4095
4095
4095
4095
4095
4095
4095
4095
4095
4095
4095
4095
2055
0
0
0
0
0
0
0
0
0
0
0
0
0
0
0
0
0
0
0
0
0
0
0
0
0
392
1466
2321
2921
3367
3579
3555
3353
3045
2712
2381
2085
1765
1470
1161
830
471
79
0
0
0
0
0
0
0
0
0
0
0
0
0
0
0
0
0
0
0
0
0
1675
3389
4095
4095
4095
4095
4095
4095
4095
4095
4095
4095
4095
4095
4095
4095
4095
4095
4095
4095
4095
4095
4095
4095
4095
4095
3375
2617
2040
1468
796
25
0
0
0
0
0
0
0
0
0
0
0
0
0
0
0
0
0
0
0
0
0
0
0
0
0
234
2619
4095
4095
4095
4095
4095
4095
4095
4095
4095
4095
4095
4095
4095
4095
4095
4095
4095
4095
4095
4095
4095
4095
4095
4095
4095
4095
4095
4095
4095
3820
3055
2431
1786
1049
211
0
0
0
0
0
0
0
0
0
0
0
0
0
0
0
0
0
0
0
0
0
0
0
0
1773
3883
4095
4095
4095
4095
4095
4095
4095
4095
4095
4095
4095
4095
4095
4095
4095
4095
4095
4095
4095
2589
236
0
0
0
0
0
0
0
0
0
0
0
0
0
0
0
0
0
0
0
0
0
0
0
685
2020
3207
4095
4095
4095
4095
4095
4095
4095
4095
4095
4095
3373
2221
1061
0
0
0
0
0
0
0
0
0
0
0
0
0
0
1039
2523
4095
4095
4095
4095
4095
4095
4095
4095
4095
4095
4095
4095
4095
4095
4095
4095
4095
4095
4095
4095
4095
4095
4095
4095
4095
4095
4095
4095
4095
4095
4095
4095
4095
4095
4095
4095
4095
4095
4095
4095
4095
4095
4095
4095
4095
3757
2834
1999
1094
77
0
0
0
0
0
0
0
0
0
0
0
0
0
0
0
0
0
0
0
0
0
2022
4095
4095
4095
4095
4095
4095
4095
4095
4095
4095
4095
4095
4095
4095
4095
4095
4095
4095
4095
4095
4095
4095
4095
4095
4095
4095
4095
4095
4095
4095
4095
4095
4095
1959
0
0
0
0
0
0
0
0
0
0
0
0
0
0
0
0
0
1400
3775
4095
4095
4095
4095
4095
4095
4095
4095
4095
4095
4095
4095
4095
4095
4095
4095
4095
4095
4095
4095
4095
4095
4095
4095
4095
4095
4095
4095
4095
4095
4095
4095
4095
4095
4095
4095
4095
4095
4095
4095
4095
4095
4095
4095
4095
4095
4095
4095
4095
4095
4095
4095
4095
4095
4095
4095
4095
4095
4095
4095
4095
4095
4095
4095
4095
4095
4095
4095
4095
4095
4095
4095
4095
4095
4095
4095
4095
4095
4095
4095
4095
4095
3343
2507
1832
1231
751
421
188
127
242
599
1175
1943
2868
4095
4095
4095
4095
4095
4095
4095
4095
4095
4095
4095
4095
4095
4095
4095
4095
4095
3197
2277
1499
893
459
183
46
73
205
415
677
971
1240
1507
1717
1875
1979
2018
1974
1897
1764
1595
1418
1241
1059
877
694
550
431
325
235
219
205
276
459
795
1279
1939
2697
3757
4095
4095
4095
4095
4095
4095
4095
4095
4095
4095
4095
4095
4095
4095
4095
2888
2045
1287
659
197
0
0
0
0
0
0
43
325
605
875
1111
1322
1477
1571
1582
1575
1495
1387
1247
1115
978
853
738
661
575
533
470
441
468
511
650
927
1335
1899
2595
3503
4095
4095
4095
4095
4095
4095
4095
4095
4095
4095
4095
4095
4095
4095
4095
4095
3119
2323
1621
1041
590
270
72
17
61
169
351
573
813
1043
1251
1431
1565
1635
1647
1639
1549
1435
1303
1175
1022
904
777
691
605
549
519
503
517
571
710
923
1299
1799
2453
3287
4095
4095
4095
4095
4095
4095
4095
4095
4095
4095
4095
4095
4095
4095
4095
4095
4095
4095
3635
2719
2063
1477
1003
710
491
403
415
531
683
858
1050
1253
1423
1543
1621
1681
1701
1661
1597
1525
1429
1311
1187
1071
981
883
804
763
731
700
697
743
831
1003
1317
1767
2356
3077
4095
4095
4095
4095
4095
4095
4095
4095
4095
4095
4095
4095
4095
4095
4095
4095
4095
3545
2659
1992
1381
935
594
367
235
235
305
459
650
885
1101
1307
1469
1583
1661
1683
1655
1613
1517
1407
1295
1170
1050
910
767
691
597
531
488
491
483
485
505
548
612
725
925
1251
1725
2284
2963
3912
4095
4095
4095
4095
4095
4095
4095
4095
4095
4095
4095
4095
4095
3372
2537
1866
1237
715
277
0
0
0
0
0
0
92
355
627
903
1165
1387
1559
1685
1752
1754
1717
1644
1547
1398
1267
1100
948
780
659
549
454
367
315
266
214
178
159
159
208
333
560
903
1374
1941
2549
3243
4095
4095
4095
4095
4095
4095
4095
4095
4095
4095
3276
2607
2031
1489
1021
633
317
90
0
0
0
46
227
453
725
1018
1321
1609
1849
2031
2164
2233
2246
2204
2131
2037
1931
1835
1761
1715
1669
1640
1637
1637
1629
1607
1595
1575
1541
1533
1587
1691
1892
2185
2584
3102
3829
4095
4095
4095
4095
4095
4095
4095
4095
4095
4095
4095
3462
856
0
0
0
0
0
0
0
0
0
0
0
0
0
0
0
0
0
0
0
0
0
0
0
0
0
0
0
0
0
0
0
0
0
0
0
0
0
0
0
0
0
0
0
0
0
0
0
0
0
0
0
0
0
0
0
0
0
0
0
0
0
0
0
0
0
0
0
0
0
0
0
0
0
0
0
0
0
0
0
0
0
0
0
0
0
0
0
0
0
0
0
0
0
0
0
0
0
0
0
0
0
0
0
0
0
0
0
0
0
0
0
0
0
0
0
0
0
0
0
0
0
0
0
0
0
0
0
0
0
0
0
0
0
0
0
0
0
0
0
0
0
0
0
0
0
0
0
0
0
0
0
0
0
0
0
0
0
0
0
0
0
0
0
0
0
0
0
0
0
0
0
0
0
0
0
0
0
0
0
0
0
0
0
0
0
0
0
0
0
0
0
0
0
0
0
0
0
0
0
0
0
0
0
0
0
0
0
0
0
0
0
0
0
0
0
0
0
0
0
0
0
0
0
0
0
0
0
0
0
0
0
0
0
0
84
540
939
1322
1653
1913
2132
2283
2376
2425
2440
2423
2377
2303
2232
2157
2092
2013
1945
1893
1843
1811
1783
1765
1755
1747
1749
1757
1767
1783
1805
1811
1822
1837
1845
1849
1868
1876
1881
1874
1877
1881
1880
1869
1875
1880
1869
1864
1866
1867
1875
1865
1865
1869
1865
1875
1869
1875
1867
1869
1870
1874
1875
1865
1879
1875
1881
1871
1879
1881
1886
1880
1883
1880
1879
1882
1884
1880
1891
1883
1885
1871
1879
1881
1877
1881
1891
1883
1885
1881
1883
1891
1886
1879
1883
1887
1886
1879
1879
1880
1887
1879
1887
1891
1886
1884
1879
1880
1893
1879
1885
1887
1891
1891
1886
1887
1891
1892
1891
1887
1896
1898
1891
1895
1895
1893
1891
1891
1893
1897
1897
1892
1895
1895
1895
1887
1893
1898
1896
1891
1903
1892
1894
1886
1897
1893
1895
1897
1893
1887
1899
1899
1903
1897
1901
1897
1899
1899
1896
1901
1891
1899
1900
1897
1897
1903
1893
1899
1896
1887
1896
1898
1898
1899
1899
1901
1906
1896
1907
1897
1907
1900
1903
1903
1901
1895
1909
1903
1885
1897
1899
1900
1903
1907
1901
1913
1907
1893
1903
1900
1897
1893
1903
1903
1909
1899
1898
1904
1897
1892
1897
1897
1896
1900
1897
1900
1897
1899
1895
1885
1893
1895
1895
1892
1895
1896
1901
1899
1895
1893
1893
1903
1899
1898
1893
1903
1891
1897
1897
1902
1900
1897
1895
1899
1898
1893
1891
1895
1885
1883
1895
1899
1896
1892
1898
1913
1897
1899
1911
1909
1931
1933
1960
1989
2013
2045
2079
2124
2173
2203
2259
2268
2286
2284
2285
2268
2249
2235
2213
2203
2182
2155
2139
2119
2085
2041
2031
2009
1971
1949
1930
1926
1919
1939
1955
1991
2043
2105
2175
2257
2341
2405
2460
2504
2501
2471
2429
2365
2275
2155
2024
1876
1707
1525
1367
1251
1191
1213
1327
1451
1565
1641
1671
1683
1689
1759
1833
1903
1959
2013
2080
2148
2214
2268
2327
2348
2347
2313
2249
2168
2087
2008
1961
1925
1892
1849
1827
1828
1853
1901
1957
1981
1981
1949
1904
1864
1833
1820
1833
1853
1881
1891
1907
1911
1917
1918
1929
1942
1935
1927
1911
1893
1865
1847
1831
1817
1802
1811
1827
1844
1881
1901
1934
1957
1977
1991
2007
2031
2045
2073
2091
2102
2107
2101
2095
2083
2067
2031
2009
1961
1913
1871
1822
1779
1743
1721
1719
1721
1739
1758
1797
1815
1827
1822
1837
1865
1907
2023
2259
2743
4071
4095
4095
4095
4095
4095
4095
4095
4095
4095
4095
4095
2792
1465
471
0
0
0
0
0
0
0
0
0
283
1123
3031
4095
4095
4095
4095
4095
4095
4095
4095
4095
4095
4095
4095
4095
4095
4095
4095
4095
4095
4095
4095
4095
4095
4095
4095
4095
4095
4095
4095
4095
4095
4095
4095
4095
4095
4095
4095
4095
4095
4095
4095
4095
4095
4095
4095
4095
4095
4095
4095
4095
4095
4095
4095
4095
4095
4095
4095
4095
4095
4095
4095
4095
4095
4095
4095
4095
4095
4095
4095
4095
4095
4095
4095
4095
4095
4095
4095
4095
4095
4095
4095
4095
4095
4095
4095
4095
4095
4095
4095
4095
4095
4095
4095
4095
4095
4095
4095
4095
4095
4095
4095
4095
4095
4095
4095
4095
4095
4095
4095
4095
4095
4095
4095
4095
4095
4095
4095
4095
4095
4095
4095
4095
4095
4095
4095
4095
4095
4095
4095
4095
4095
4095
4095
4095
4095
4095
4095
4095
4095
4095
4095
4095
4095
4095
4095
4095
4095
4095
4095
4095
4095
4095
4095
4095
4095
4095
4095
4095
0
0
0
0
0
0
0
0
0
0
0
0
2335
4095
4095
4095
4095
4095
4095
4095
4095
4095
4095
4095
4095
4095
4095
4095
4095
4095
4095
4095
4095
4095
4095
4095
4095
4095
4095
4095
4095
4095
4095
4095
4095
4095
4095
4095
4095
4095
4095
4095
4095
4095
4095
4095
4095
4095
4095
4095
4095
4095
4095
4095
4095
4095
4095
4095
4095
4095
4095
4095
4095
4095
4095
4095
4095
4095
4095
4095
4095
4095
4095
4095
4095
0
0
0
0
0
0
0
0
0
0
0
0
0
0
0
0
0
0
0
0
0
3289
4095
4095
4095
4095
4095
4095
4095
4095
4095
4095
4095
4095
4095
4095
4095
4095
4095
4095
4095
4095
4095
4095
4095
0
0
0
0
0
0
0
0
0
0
0
0
0
0
0
0
0
0
0
0
0
0
0
0
0
0
0
0
0
0
0
0
0
0
0
0
0
0
0
0
0
0
0
0
0
0
0
0
0
0
0
0
0
0
0
0
0
0
0
0
0
0
0
0
0
0
0
0
0
0
0
0
0
0
0
0
0
0
0
0
0
0
0
0
0
0
0
0
0
0
0
0
0
0
0
0
0
0
0
0
0
0
0
0
0
0
0
0
0
0
0
0
0
0
0
0
0
0
0
0
0
0
0
0
0
0
0
0
0
1935
4095
4095
4095
4095
4095
4095
4095
4095
4095
4095
4095
4095
4095
4095
4095
4095
4095
4095
4095
4095
4095
4095
4095
4095
4095
4095
4095
4095
4095
4095
4095
4095
4095
4095
4095
4095
4095
4095
4095
4095
4095
4095
4095
4095
4095
4095
4095
4095
4095
4095
4095
4095
4095
4095
4095
4095
4095
4095
4095
4095
4095
4095
4095
4095
4095
4095
4095
4095
4095
4095
4095
4095
4095
4095
4095
4095
4095
4095
4095
4095
4095
4095
4095
4095
4095
4095
4095
4095
4095
4095
4095
4095
0
0
0
0
0
0
0
0
0
0
0
0
0
0
0
0
0
0
0
0
0
0
0
0
0
0
0
0
0
0
0
0
0
0
0
0
0
0
0
0
0
0
0
0
0
0
0
0
0
0
0
0
0
0
0
0
0
0
0
0
0
0
0
0
0
0
0
0
0
0
0
0
0
0
0
0
0
0
0
0
0
0
0
0
0
0
0
0
0
0
0
0
0
0
0
0
0
0
0
0
0
0
0
0
0
446
879
1249
1517
1771
1963
2053
2089
2065
2026
2083
2239
2518
2867
2921
2335
935
0
0
0
0
0
0
0
0
0
0
0
0
0
0
0
0
0
0
0
0
0
0
0
0
0
0
0
0
0
0
0
0
0
0
4095
4095
4095
4095
4095
4095
4095
4095
4095
4095
4095
4095
4095
4095
4095
4095
4095
4095
4095
4095
4095
4095
4095
4095
4095
4095
4095
4095
4095
4095
4095
4095
4095
4095
4095
4095
4095
4095
4095
4095
4095
4095
4095
4095
4095
4095
4095
4095
4095
4095
4095
4095
4095
4095
4095
4095
4095
4095
4095
4095
4095
4095
4095
4095
4095
4095
4095
4095
4095
4095
4095
4095
4095
4095
4095
4095
4095
4095
4095
4095
4095
4095
4095
4095
4095
4095
4095
4095
4095
4095
4095
4095
4095
4095
4095
4095
4095
4095
4095
4095
4095
4095
4095
4095
4095
4095
4095
4095
4095
4095
4095
4095
4095
4095
4095
4095
4095
4095
4095
4095
4095
4095
4095
4095
4095
4095
4095
4095
4095
4095
4095
4095
4095
4095
4095
4095
4095
4095
4095
4095
4095
4095
4095
4095
4095
4095
4095
4095
4095
4095
4095
4095
4095
4095
4095
4095
4095
4095
4095
4095
4095
4095
4095
4095
4095
4095
4095
4095
4095
4095
4095
4095
4095
4095
4095
4095
4095
4095
4095
4095
4095
4095
4095
4095
4095
4095
4095
4095
4095
4095
4095
4095
4095
4095
4095
4095
4095
4095
4095
4095
4095
4095
4095
4095
4095
4095
4095
4095
4095
4095
4095
4095
4095
4095
4095
4095
4095
0
0
0
0
0
0
0
0
0
0
0
0
0
0
0
0
0
0
0
0
0
482
1599
2552
3481
4095
4095
4095
4095
4095
4095
3691
2879
2217
1517
825
229
0
0
0
0
0
647
1455
2364
3359
4095
4095
4095
4095
4095
4095
4095
4095
4095
4095
4095
4095
4095
4095
4095
4095
4095
4095
2377
0
0
0
0
0
0
0
0
0
0
0
0
0
0
0
0
0
0
0
0
0
0
0
0
0
0
0
0
0
0
0
0
0
0
0
0
0
0
0
0
0
0
0
0
0
0
0
0
0
0
0
0
0
0
0
0
0
0
0
0
0
0
0
0
0
0
0
0
0
0
2355
4095
4095
4095
4095
0
0
0
0
0
0
0
0
0
0
0
0
0
0
0
0
0
4095
4095
4095
4095
4095
2589
0
0
0
0
0
0
0
0
0
0
0
0
0
0
4095
4095
4095
4095
4095
4095
1390
0
0
0
0
0
0
0
0
0
0
0
0
0
0
4095
4095
4095
4095
4095
4095
4095
4095
4095
4095
4095
4095
4095
4095
4095
4095
4095
4095
4095
4095
4095
4095
4095
4095
4095
4095
4095
4095
4095
4095
4095
4095
4095
4095
4095
4095
4095
4095
4095
4095
4095
4095
4095
4095
4095
4095
4095
4095
4095
4095
4095
4095
4095
4095
4095
4095
4095
4095
4095
4095
4095
4095
4095
4095
4095
4095
4095
4095
4095
4095
4095
4095
4095
4095
4095
4095
4095
4095
4095
4095
4095
4095
4095
4095
4095
4095
4095
4095
4095
4095
4095
4095
4095
4095
4095
4095
4095
4095
4095
4095
4095
4095
4095
4095
4095
4095
4095
4095
4095
4095
4095
4095
4095
4095
4095
4095
4095
4095
4095
4095
4095
4095
4095
4095
4095
4095
4095
4095
4095
4095
4095
4095
4095
4095
4095
4095
4095
4095
4095
4095
4095
4095
4095
4095
4095
4095
4095
4095
4095
4095
4095
4095
4095
4095
4095
4095
4095
4095
4095
4095
4095
4095
4095
4095
3353
2748
2260
1853
1497
1199
979
853
787
785
852
965
1117
1305
1517
1727
1917
2077
2195
2261
2269
2205
2075
1932
1725
1511
1309
1129
1013
933
894
927
997
1096
1214
1353
1491
1636
1763
1899
2030
2155
2255
2361
2447
2515
2601
2666
2779
2925
3101
3327
3621
3947
4095
4095
4095
4095
4095
4095
4095
4095
4095
4095
4095
4095
3774
3481
3276
3155
3131
3191
3293
3465
3696
3981
4095
4095
4095
4095
4095
4095
4095
4095
4095
4095
4095
4095
4095
4095
4095
4095
4095
4095
4095
4095
4095
4095
4095
4095
4095
4095
4095
4095
4095
4095
3769
2329
1188
233
0
0
0
0
0
0
0
0
0
0
0
632
1357
2054
2661
3211
3775
4095
4095
4095
4095
4095
4095
4095
3827
3539
3305
3109
2969
2887
2845
2836
2857
2893
2919
2949
2941
2941
2927
2876
2793
2699
2551
2391
2223
2087
1961
1869
1813
1816
1852
1915
2019
2156
2297
2445
2613
2821
3087
3475
4059
4095
4095
4095
4095
4095
4095
4095
4095
4095
4095
4095
4095
4095
4095
4095
4095
4095
4095
4095
4095
4095
4095
4095
4095
4095
4095
4095
4095
4095
4095
4095
4095
4095
4095
4095
4095
4095
4095
0
0
0
0
0
0
0
0
0
0
0
0
0
0
0
0
0
0
0
0
0
0
0
0
0
0
0
0
0
0
0
0
0
0
0
0
0
0
0
0
0
0
0
0
0
0
0
0
0
0
0
0
0
0
0
0
0
0
0
0
0
0
0
0
0
0
0
0
0
0
0
0
0
0
0
0
0
0
0
0
0
0
0
0
0
0
0
0
0
0
0
0
0
0
0
0
0
0
0
0
0
0
0
0
0
0
0
0
0
0
0
0
0
0
0
0
0
0
0
0
0
0
0
0
0
0
0
0
0
0
0
0
0
0
0
0
0
0
0
0
0
0
0
0
0
0
0
0
0
0
0
0
0
74
590
1077
1459
1707
1865
1963
2309
4095
4095
4095
4095
4095
4095
4095
4095
4095
4095
4095
4095
0
0
0
0
0
0
0
0
0
0
0
0
0
0
0
0
0
0
0
0
0
0
0
789
4095
4095
4095
4095
4095
4095
4095
4095
4095
4095
4095
4095
4095
4095
4095
4095
4095
4095
4095
4095
4095
4095
4095
4095
4095
4095
4095
4095
4095
4095
4095
4095
4095
4095
4095
4095
4095
4095
4095
4095
4095
4095
4095
4095
4095
4095
4095
4095
4095
4095
4095
4095
4095
4095
4095
4095
4095
4095
4095
4095
4095
4095
4095
4095
4095
4095
4095
4095
4095
4095
4095
4095
4095
4095
4095
4095
4095
4095
4095
4095
4095
4095
4095
4095
4095
4095
4095
4095
4095
4095
4095
4095
4095
4095
2009
0
0
0
0
0
0
0
907
0
0
0
0
0
0
0
0
0
0
0
0
0
0
0
0
0
0
0
0
0
0
0
0
0
0
0
0
0
0
0
0
0
0
0
0
0
0
0
0
0
0
0
0
0
0
0
0
0
0
0
0
0
0
0
0
0
0
0
0
0
0
0
0
0
0
0
0
0
0
0
0
0
0
0
0
0
0
0
0
0
0
0
0
0
0
0
0
0
0
0
0
0
0
0
0
0
0
0
0
0
0
0
0
0
0
0
0
0
0
0
0
0
0
0
0
0
0
0
0
0
0
0
0
0
0
0
0
0
0
0
0
0
0
0
0
0
0
0
0
0
0
0
0
0
0
0
0
0
0
0
0
0
0
0
0
0
0
0
0
0
0
0
0
0
0
0
0
0
0
0
0
0
0
0
0
0
0
0
0
0
0
0
0
0
0
0
0
0
0
0
0
0
0
0
0
0
0
0
0
0
0
0
0
0
0
0
0
0
0
0
0
0
0
0
0
0
0
0
0
0
0
0
0
0
0
0
0
0
0
0
0
0
0
0
0
0
0
0
0
0
0
0
0
651
2463
4095
4095
4095
4095
4095
4095
4095
4095
4095
4095
4095
4095
4095
4095
4095
4095
4095
4095
4095
4095
4095
4095
4095
4095
4095
4095
4095
4095
4095
4095
4095
4095
4095
4095
4095
4095
4095
4095
4095
4095
4095
4095
4095
4095
4095
4095
4095
4095
4095
4095
4095
4095
4095
4095
4095
4095
4095
4095
4095
4095
4095
4095
4095
4095
4095
4095
4095
4095
4095
4095
4095
4095
4095
4095
4095
4095
4095
4095
4095
4095
4095
4095
4095
4095
4095
4095
4095
4095
4095
4095
4095
4095
4095
4095
4095
4095
4095
4095
4095
4095
4095
4095
4095
4095
4095
4095
4095
4095
4095
4095
4095
4095
4095
4095
4095
4095
4095
4095
4095
4095
4095
4095
4095
4095
4095
4095
4095
4095
4095
4095
4095
4095
4095
4095
4095
4095
4095
4095
4095
4095
4095
4095
4095
4095
4095
4095
4095
4095
4095
4095
4095
4095
4095
4095
4095
4095
4095
4095
4095
4095
4095
4095
4095
4095
4095
4095
4095
4095
4095
4095
3455
2932
2569
2278
2035
1839
1703
1579
1497
1429
1400
1365
1359
1361
1395
1439
1501
1579
1653
1742
1805
1852
1893
1891
1847
1773
1687
1604
1483
1375
1288
1213
1207
1193
1223
1255
1308
1363
1403
1467
1515
1553
1589
1623
1644
1677
1723
1779
1850
1951
2073
2220
2376
2515
2647
2742
2779
2769
2709
2587
2441
2277
2129
2008
1887
1774
1696
1635
1590
1571
1572
1597
1628
1679
1745
1833
1911
1999
2077
2159
2223
2285
2325
2335
2331
2303
2259
2190
2080
1941
1791
1627
1477
1350
1252
1193
1174
1191
1240
1334
1437
1529
1645
1757
1878
2035
2231
2459
2726
3029
3401
3820
4095
4095
4095
4095
4095
4095
4095
4095
3788
3309
2899
2567
2239
1956
1719
1528
1391
1316
1351
1429
1568
1741
1933
2136
2328
2509
2661
2799
2891
2941
2969
2935
2874
2793
2684
2570
2443
2300
2167
2019
1875
1711
1571
1427
1306
1215
1159
1182
1263
1419
1683
2025
2441
2940
3587
4095
4095
4095
4095
4095
4095
4095
4095
4095
4095
4095
4095
4095
4095
4095
4095
4095
4095
4007
3320
2797
2388
2045
1837
1739
1746
1837
2007
2206
2411
2679
3037
3568
4095
4095
4095
4095
4095
4095
4095
4095
4095
4095
4095
4095
4095
4095
4095
4095
4095
4095
4095
4095
4095
4095
4095
4095
4095
4095
4095
4095
4095
4095
4095
4095
4095
4095
4095
4095
4095
4095
4095
4095
4095
4095
4095
4095
4095
4095
4095
4095
4095
4095
4095
0
0
0
0
0
0
0
0
0
0
0
0
0
0
0
0
0
0
0
0
0
0
0
0
0
0
0
0
0
0
0
0
0
0
0
0
0
0
0
0
0
0
0
0
0
0
0
0
0
0
0
0
0
0
0
0
0
0
4095
4095
4095
4095
4095
4095
4095
4095
4095
4095
4095
4095
4095
4095
4095
4095
4095
4095
4095
4095
4095
4095
4095
4095
4095
4095
4095
4095
4095
4095
4095
4095
4095
4095
4095
4095
4095
4095
4095
4095
4095
4095
4095
4095
4095
4095
4095
4095
4095
4095
4095
4095
4095
4095
4095
4095
4095
4095
4095
0
0
0
0
0
0
0
0
0
0
0
0
0
0
0
0
0
0
0
0
0
0
0
0
0
0
0
0
0
0
0
0
0
0
0
0
0
0
0
0
0
0
0
0
0
0
0
0
0
0
0
0
0
0
0
0
0
0
0
0
0
0
0
0
0
1427
4095
4095
4095
4095
4095
4095
4095
4095
4095
4095
4095
4095
4095
4095
4095
4095
4095
4095
4095
4095
4095
4095
4095
4095
4095
4095
4095
4095
0
0
0
0
0
0
0
0
0
0
0
0
0
0
0
0
0
0
0
0
0
0
0
0
0
0
0
0
0
0
0
0
0
0
0
0
0
0
1264
4095
4095
4095
0
0
0
0
0
0
0
0
0
0
0
0
0
0
0
0
0
0
0
0
0
0
0
0
0
0
0
0
0
0
0
0
0
0
0
0
0
0
0
0
4095
4095
4095
4095
4095
4095
4095
4095
0
0
0
0
0
0
0
0
0
0
0
0
0
0
0
0
0
0
0
0
0
0
0
0
0
0
0
0
0
0
0
0
0
0
0
0
0
4095
4095
4095
4095
4095
4095
4095
4095
4095
4095
4095
4095
4095
0
0
0
0
0
0
0
0
0
0
0
0
0
0
0
0
0
0
0
0
0
0
0
0
0
0
0
0
0
0
0
0
0
0
0
0
0
0
0
1240
0
0
0
0
0
0
0
0
0
0
0
0
0
584
4095
4095
4095
4095
4095
4095
4095
4095
4095
4095
4095
4095
4095
4095
4095
4095
4095
4095
4095
4095
4095
4095
4095
4095
4095
4095
4095
4095
4095
4095
4095
4095
4095
4095
4095
4095
4095
4095
4095
4095
4095
4095
4095
4095
4095
4095
4095
4095
4095
4095
4095
4095
4095
4095
4095
4095
4095
4095
4095
4095
4095
4095
4095
4095
4095
4095
4095
4095
4095
4095
4095
4095
4095
4095
4095
4095
4095
4095
4095
4095
4095
4095
4095
4095
4095
4095
4095
4095
4095
4095
4095
4095
4095
4095
4095
4095
4095
4095
4095
4095
4095
4095
4095
4095
4095
4095
4095
4095
4095
4095
4095
4095
4095
4095
4095
4095
4095
4095
4095
4095
0
0
0
0
0
0
0
0
0
0
0
0
0
0
0
0
0
0
0
0
0
0
0
0
0
0
0
0
0
0
0
0
0
0
0
0
0
0
0
0
0
0
0
0
0
0
0
0
0
0
0
0
0
0
0
0
0
0
0
0
0
0
0
0
0
0
0
0
0
0
0
0
0
0
0
0
0
0
0
0
0
0
0
2246
4095
4095
4095
4095
4095
4095
4095
4095
4095
4095
4095
4095
4095
4095
4095
4095
4095
4095
4095
4095
4095
4095
4095
4095
4095
4095
4095
4095
4095
4095
4095
4095
4095
4095
4095
4095
4095
4095
4095
4095
4095
4095
4095
4095
4095
4095
4095
4095
4095
4095
4095
4095
4095
4095
4095
4095
4095
4095
4095
4095
4095
4095
4095
4095
4095
4095
4095
4095
4095
4095
4095
4095
4095
4095
4095
4095
4095
4095
4095
4095
4095
4095
4095
4095
4095
4095
4095
4095
4095
4095
4095
4095
4095
4095
4095
4095
4095
4095
4095
4095
4095
4095
4095
4095
4095
4024
0
0
0
0
0
0
0
0
0
0
0
0
0
0
0
0
0
0
0
0
0
0
0
0
0
0
0
0
0
0
0
0
0
0
0
0
0
0
0
0
0
0
0
0
0
0
0
0
0
0
0
0
0
0
0
0
0
0
0
0
0
0
0
0
0
0
0
0
0
0
0
0
0
0
0
0
0
0
0
0
0
0
0
0
0
0
0
0
0
0
0
0
0
0
0
0
0
0
0
0
0
0
0
0
0
0
0
0
0
0
0
0
0
0
0
0
0
0
0
0
0
0
0
0
0
0
0
0
0
0
0
0
0
0
0
0
0
0
0
0
0
0
0
0
0
0
0
0
0
0
0
0
0
0
0
2071
4095
4095
4095
4095
4095
4095
4095
4095
4095
4095
4095
4095
4095
4095
4095
4095
4095
4095
4095
4095
4095
4095
4095
4095
4095
4095
4095
4095
4095
4095
4095
4095
4095
4095
4095
4095
4095
4095
4095
4095
4095
4095
4095
4095
4095
4095
4095
4095
4095
4095
4095
4095
4095
4095
4095
4095
4095
4095
4095
4095
4095
4095
4095
4095
4095
4095
4095
4095
4095
4095
4095
4095
4095
4095
4095
4095
4095
4095
4095
4095
4095
4095
4095
4095
4095
4095
4095
4095
2615
124
0
0
0
0
0
0
0
0
0
0
0
0
0
0
0
0
0
0
0
0
0
0
0
0
0
0
0
0
261
548
779
952
1101
1207
1291
1357
1389
1445
1477
1511
1556
1576
1625
1675
1707
1748
1775
1803
1809
1806
1787
1766
1735
1693
1654
1607
1563
1529
1519
1517
1540
1554
1575
1611
1635
1673
1707
1745
1781
1801
1818
1830
1831
1822
1823
1819
1807
1799
1785
1767
1757
1763
1763
1784
1827
1865
1913
1951
1983
2019
2041
2067
2071
2079
2077
2075
2059
2035
2005
1979
1945
1895
1854
1821
1785
1755
1739
1715
1694
1675
1661
1637
1642
1630
1645
1651
1641
1631
1643
1630
1619
1613
1596
1604
1591
1581
1598
1619
1626
1639
1657
1677
1695
1704
1718
1719
1720
1715
1707
1690
1679
1655
1643
1620
1612
1591
1581
1589
1593
1607
1626
1645
1661
1673
1702
1716
1724
1740
1759
1775
1785
1815
1838
1855
1875
1891
1900
1897
1883
1874
1854
1851
1848
1843
1852
1855
1879
1885
1896
1913
1927
1951
1963
1994
2003
2011
2007
2003
2010
2005
2007
1997
1978
1957
1934
1909
1899
1885
1885
1869
1853
1845
1835
1831
1839
1845
1849
1866
1877
1880
1883
1891
1891
1897
1909
1917
1916
1916
1909
1914
1915
1911
1920
1927
1903
1882
1846
1806
1753
1696
1638
1591
1547
1496
1470
1451
1435
1447
1467
1499
1549
1610
1687
1770
1848
1926
1975
2021
2031
2029
2009
1959
1893
1819
1748
1678
1623
1579
1554
1527
1511
1523
1525
1550
1575
1598
1635
1671
1711
1747
1769
1800
1827
1831
1848
1853
1853
1853
1861
1862
1865
1851
1851
1839
1837
1832
1827
1813
1811
1805
1801
1799
1791
1788
1797
1805
1823
1849
1895
1949
2007
2059
2110
2155
2195
2205
2219
2215
2196
2167
2135
2091
2040
2005
1967
1945
1919
1911
1908
1893
1881
1875
1880
1877
1890
1892
1893
1911
1917
1927
1944
1949
1957
1966
1976
1975
1972
1962
1956
1951
1945
1929
1929
1909
1895
1881
1869
1865
1867
1854
1855
1853
1863
1867
1883
1919
1948
1992
2045
2104
2157
2197
2227
2232
2233
2219
2204
2175
2139
2107
2077
2043
2009
1977
1951
1931
1910
1879
1867
1849
1846
1845
1865
1861
1883
1903
1919
1941
1951
1971
1982
1989
1979
1979
1981
1973
1961
1943
1929
1916
1897
1885
1871
1863
1847
1847
1845
1833
1847
1847
1853
1864
1878
1887
1931
1971
2021
2085
2152
2197
2227
2247
2250
2239
2226
2187
2151
2107
2059
2009
1978
1935
1898
1864
1837
1814
1799
1781
1772
1785
1780
1801
1815
1837
1864
1885
1913
1930
1945
1949
1955
1945
1946
1950
1944
1948
1933
1911
1907
1891
1885
1876
1867
1850
1844
1831
1837
1838
1851
1873
1907
1955
2007
2059
2121
2170
2215
2238
2267
2267
2253
2220
2187
2149
2095
2029
1981
1935
1885
1849
1831
1831
1823
1834
1851
1879
1899
1916
1949
1990
2005
2019
2030
2036
2031
2029
2020
2012
1993
1956
1945
1913
1865
1833
1823
1805
1805
1789
1779
1787
1787
1780
1803
1827
1875
1929
2003
2089
2169
2235
2297
2358
2391
2393
2395
2351
2311
2270
2219
2151
2099
2022
1963
1903
1865
1816
1788
1765
1747
1755
1768
1801
1817
1831
1861
1899
1927
1945
1964
1975
1971
1967
1965
1947
1932
1903
1895
1862
1855
1835
1817
1805
1787
1789
1790
1779
1779
1785
1819
1875
1917
1991
2079
2157
2223
2293
2339
2366
2381
2359
2333
2287
2231
2173
2127
2057
1997
1948
1913
1864
1829
1789
1773
1773
1779
1783
1801
1821
1849
1882
1912
1935
1942
1963
1967
1977
1979
1965
1971
1948
1932
1920
1911
1883
1868
1843
1831
1799
1788
1773
1786
1809
1820
1864
1917
2002
2089
2187
2271
2373
2437
2483
2501
2507
2475
2425
2365
2303
2233
2157
2089
2022
1949
1895
1862
1823
1784
1763
1753
1756
1752
1769
1811
1849
1879
1919
1955
1989
2018
2024
2025
2031
2019
2001
1979
1956
1939
1886
1863
1829
1815
1785
1789
1780
1767
1741
1741
1747
1780
1820
1903
1993
2092
2207
2327
2425
2519
2579
2607
2615
2581
2526
2461
2366
2277
2181
2091
2006
1928
1847
1787
1749
1719
1706
1707
1711
1737
1767
1805
1853
1895
1933
1971
1993
2007
2011
2013
2011
1994
1976
1965
1931
1911
1875
1863
1853
1844
1829
1823
1800
1799
1782
1775
1779
1772
1781
1803
1855
1929
2011
2133
2233
2344
2453
2543
2607
2637
2635
2629
2581
2508
2411
2319
2205
2099
1995
1907
1816
1742
1678
1640
1629
1623
1627
1672
1716
1769
1819
1884
1939
1992
2025
2055
2072
2078
2067
2057
2026
1990
1951
1931
1887
1863
1829
1805
1768
1759
1725
1723
1716
1711
1707
1719
1737
1767
1807
1881
1976
2093
2204
2335
2445
2533
2607
2651
2652
2621
2553
2472
2380
2275
2163
2072
1965
1877
1779
1707
1661
1619
1609
1612
1643
1683
1725
1789
1839
1880
1927
1966
1991
2005
2005
1992
1975
1960
1919
1887
1851
1815
1781
1769
1743
1725
1715
1704
1701
1699
1691
1705
1706
1711
1751
1807
1883
1979
2094
2223
2355
2462
2553
2623
2664
2667
2621
2579
2485
2381
2263
2152
2063
1963
1865
1805
1734
1675
1644
1647
1641
1671
1703
1737
1789
1847
1899
1956
1983
2019
2038
2056
2056
2031
2013
1995
1983
1965
1941
1934
1910
1893
1867
1867
1851
1823
1811
1791
1811
1819
1847
1902
1974
2073
2206
2350
2507
2651
2783
2906
2967
2983
2938
2870
2761
2619
2478
2344
2199
2055
1901
1799
1694
1625
1567
1556
1525
1529
1571
1631
1685
1752
1804
1877
1949
2007
2060
2099
2117
2131
2127
2118
2079
2053
1996
1948
1911
1855
1811
1771
1745
1706
1673
1652
1641
1637
1644
1693
1763
1861
1995
2156
2331
2487
2643
2770
2861
2899
2891
2841
2763
2639
2493
2350
2201
2053
1912
1802
1689
1611
1541
1499
1482
1487
1514
1560
1611
1684
1747
1823
1894
1959
2010
2043
2077
2084
2073
2063
2037
2003
1959
1915
1875
1827
1783
1734
1703
1663
1629
1613
1608
1605
1637
1690
1771
1895
2036
2202
2395
2564
2700
2829
2900
2921
2877
2807
2711
2577
2413
2261
2123
1977
1834
1721
1623
1531
1470
1446
1427
1451
1471
1527
1595
1657
1735
1816
1865
1897
1945
1991
2003
2013
2003
1979
1971
1927
1880
1838
1799
1747
1701
1661
1629
1596
1583
1557
1562
1567
1591
1669
1767
1885
2043
2220
2402
2555
2693
2792
2861
2857
2807
2723
2606
2455
2296
2155
1993
1833
1694
1587
1487
1417
1365
1331
1339
1357
1399
1462
1547
1631
1719
1801
1882
1945
1979
2009
2015
2006
1974
1949
1901
1863
1803
1761
1723
1689
1637
1624
1595
1587
1587
1597
1607
1621
1651
1709
1813
1929
2082
2253
2423
2587
2729
2843
2920
2923
2889
2800
2681
2537
2375
2220
2055
1893
1760
1647
1553
1460
1403
1379
1381
1387
1418
1454
1519
1587
1651
1737
1817
1879
1932
1975
2003
1999
1991
1967
1939
1891
1843
1787
1753
1710
1674
1638
1629
1599
1589
1580
1575
1563
1575
1611
1651
1739
1851
2003
2173
2343
2503
2643
2740
2793
2799
2757
2671
2553
2411
2271
2131
1978
1837
1717
1599
1493
1405
1340
1305
1305
1335
1397
1467
1560
1637
1720
1800
1864
1914
1944
1973
1965
1949
1935
1912
1893
1853
1818
1783
1753
1720
1701
1677
1643
1639
1625
1625
1636
1657
1703
1779
1883
2022
2183
2339
2494
2635
2733
2795
2787
2729
2645
2511
2363
2211
2054
1891
1743
1606
1483
1385
1322
1273
1261
1286
1311
1357
1445
1542
1629
1711
1802
1879
1949
1983
2035
2039
2036
2013
1983
1947
1901
1847
1801
1749
1704
1654
1624
1583
1563
1555
1558
1575
1625
1705
1831
1978
2163
2335
2511
2659
2770
2830
2844
2798
2726
2605
2459
2309
2147
1972
1823
1688
1564
1459
1375
1315
1307
1311
1353
1415
1497
1565
1659
1746
1832
1893
1950
1993
2013
2015
2019
2005
1975
1927
1881
1830
1783
1721
1687
1654
1615
1583
1571
1576
1576
1636
1715
1849
2013
2203
2407
2598
2775
2917
3005
3051
3016
2926
2807
2651
2475
2303
2148
1977
1835
1685
1573
1481
1406
1357
1351
1363
1391
1467
1549
1635
1724
1823
1903
1978
2025
2063
2087
2073
2035
2001
1949
1893
1821
1762
1717
1672
1627
1594
1575
1545
1528
1527
1544
1579
1648
1769
1929
2119
2331
2549
2771
2953
3087
3178
3194
3124
3004
2845
2669
2493
2303
2111
1947
1782
1647
1531
1451
1383
1337
1333
1323
1367
1423
1489
1573
1661
1749
1829
1907
1975
2008
2019
2023
2014
1995
1961
1920
1879
1832
1784
1741
1699
1671
1635
1619
1599
1587
1572
1581
1614
1689
1807
1959
2149
2363
2579
2780
2965
3125
3196
3209
3134
2997
2835
2652
2450
2239
2030
1862
1707
1571
1455
1379
1333
1311
1327
1369
1421
1493
1574
1656
1739
1837
1918
1973
2022
2041
2031
2027
2004
1963
1915
1866
1819
1771
1705
1663
1634
1603
1573
1548
1549
1541
1541
1527
1563
1609
1687
1817
1989
2171
2399
2617
2837
3015
3143
3186
3182
3103
2970
2811
2630
2439
2239
2063
1871
1703
1555
1437
1352
1298
1256
1255
1275
1338
1414
1497
1592
1687
1758
1843
1909
1958
1981
1991
1993
1971
1945
1925
1883
1833
1783
1747
1689
1646
1604
1567
1557
1523
1502
1497
1498
1495
1506
1529
1598
1700
1832
2007
2207
2431
2662
2873
3047
3182
3221
3190
3091
2923
2731
2538
2329
2119
1918
1741
1583
1445
1336
1245
1195
1181
1183
1236
1297
1384
1485
1590
1685
1775
1853
1927
1976
2008
2007
1996
1965
1928
1869
1813
1766
1699
1648
1605
1563
1531
1509
1499
1498
1493
1497
1502
1519
1529
1563
1637
1737
1865
2035
2232
2432
2632
2799
2921
2987
3001
2943
2842
2703
2543
2351
2159
1967
1781
1622
1482
1369
1277
1209
1197
1207
1240
1304
1391
1489
1599
1700
1798
1873
1941
1989
2011
2029
2025
2002
1966
1933
1880
1835
1785
1743
1693
1651
1621
1611
1579
1555
1549
1545
1525
1553
1592
1663
1762
1901
2069
2263
2451
2621
2764
2863
2908
2895
2825
2711
2565
2393
2219
2036
1864
1688
1555
1433
1336
1274
1255
1258
1279
1327
1391
1470
1567
1651
1749
1816
1874
1913
1949
1966
1965
1947
1917
1879
1834
1776
1740
1694
1653
1613
1583
1565
1546
1517
1513
1531
1551
1599
1687
1812
1972
2159
2355
2554
2739
2900
2999
3048
3032
2941
2829
2658
2479
2299
2119
1947
1775
1625
1496
1399
1321
1271
1263
1269
1307
1371
1453
1555
1651
1751
1843
1915
1979
2030
2042
2043
2039
1999
1975
1933
1879
1827
1765
1711
1657
1612
1577
1532
1512
1497
1485
1481
1491
1517
1607
1733
1899
2094
2319
2535
2751
2949
3093
3178
3192
3133
3011
2847
2675
2475
2287
2103
1931
1765
1635
1519
1421
1353
1318
1319
1327
1357
1418
1491
1579
1663
1769
1863
1933
1977
2014
2037
2043
2041
2035
2005
1962
1911
1875
1831
1787
1755
1715
1687
1656
1629
1621
1596
1597
1611
1646
1715
1812
1958
2138
2341
2549
2758
2939
3087
3173
3186
3148
3035
2893
2720
2541
2363
2183
