1671
1717
1773
1813
1849
1887
1913
1931
1919
1913
1886
1849
1803
1767
1721
1686
1641
1621
1605
1589
1579
1580
1597
1599
1605
1621
1627
1643
1651
1663
1678
1692
1702
1717
1741
1755
1775
1799
1823
1845
1855
1880
1884
1890
1875
1868
1851
1839
1812
1803
1785
1772
1753
1757
1735
1727
1711
1717
1717
1719
1723
1749
1763
1779
1798
1831
1863
1887
1912
1939
1961
1983
1993
2011
2015
2028
2023
2026
2028
2029
2022
2023
2025
2025
2013
2019
2011
2011
1998
1998
1991
1980
1961
1964
1960
1963
1973
2013
2079
2163
2261
2377
2487
2587
2659
2717
2743
2744
2705
2659
2597
2519
2429
2345
2264
2183
2101
2035
1977
1931
1882
1849
1831
1813
1801
1803
1813
1823
1834
1852
1880
1900
1913
1935
1949
1959
1959
1965
1965
1960
1945
1943
1926
1932
1900
1894
1885
1831
1865
1865
1863
1861
1850
1860
1863
1869
1879
1909
1947
1995
2056
2125
2213
2298
2383
2459
2526
2575
2592
2598
2585
2547
2487
2425
2345
2269
2175
2105
2021
1961
1899
1863
1836
1803
1788
1797
1801
1809
1832
1869
1895
1927
1959
1996
2024
2053
2065
2083
2090
2091
2078
2083
2073
2063
2039
2026
2011
1996
1976
1964
1959
1947
1933
1926
1927
1919
1911
1927
1915
1935
1951
1996
2039
2105
2171
2251
2319
2385
2424
2463
2476
2472
2451
2423
2381
2319
2255
2199
2131
2063
1994
1944
1896
1851
1815
1802
1785
1780
1774
1788
1803
1819
1832
1863
1894
1916
1932
1951
1971
1976
1970
1971
1968
1961
1946
1941
1917
1900
1875
1853
1832
1815
1785
1775
1759
1756
1751
1754
1759
1768
1785
1827
1875
1934
2009
2105
2193
2273
2351
2423
2473
2503
2501
2493
2467
2415
2348
2291
2219
2147
2067
1997
1935
1875
1816
1772
1745
1721
1704
1703
1720
1739
1757
1791
1827
1863
1891
1919
1944
1973
1979
1999
1993
2001
1995
1988
1975
1955
1934
1929
1907
1883
1862
1849
1832
1818
1801
1801
1792
1786
1781
1789
1803
1830
1855
1913
1978
2059
2135
2220
2297
2363
2407
2438
2451
2442
2409
2364
2321
2265
2195
2135
2063
2001
1931
1879
1833
1789
1755
1737
1723
1711
1716
1727
1747
1765
1780
1813
1834
1851
1871
1895
1909
1917
1919
1931
1929
1925
1903
1907
1893
1877
1846
1839
1829
1814
1791
1781
1775
1771
1765
1763
1771
1775
1779
1797
1814
1845
1881
1943
2007
2088
2168
2255
2328
2397
2443
2477
2487
2468
2432
2399
2335
2265
2191
2121
2039
1951
1890
1827
1771
1721
1677
1654
1637
1629
1623
1637
1657
1689
1703
1737
1773
1811
1835
1865
1897
1917
1929
1939
1946
1946
1929
1925
1899
1891
1868
1853
1833
1823
1807
1801
1784
1784
1780
1781
1775
1771
1773
1786
1806
1832
1876
1933
2007
2085
2167
2259
2335
2407
2456
2494
2514
2504
2473
2443
2392
2329
2250
2184
2111
2040
1966
1904
1855
1811
1767
1733
1723
1720
1715
1735
1737
1776
1799
1837
1865
1900
1925
1948
1963
1973
1972
1979
1965
1957
1942
1935
1911
1884
1863
1848
1831
1817
1791
1790
1783
1773
1765
1773
1782
1781
1781
1797
1832
1869
1913
1981
2067
2152
2237
2323
2403
2467
2503
2531
2526
2518
2479
2441
2379
2317
2233
2169
2093
2025
1951
1897
1843
1800
1759
1739
1721
1706
1709
1723
1747
1757
1790
1831
1861
1893
1907
1941
1960
1971
1972
1979
1977
1971
1955
1941
1928
1911
1885
1867
1855
1839
1820
1813
1805
1799
1781
1781
1772
1775
1775
1785
1799
1829
1866
1927
1989
2073
2157
2251
2331
2393
2443
2479
2491
2484
2456
2425
2374
2311
2235
2168
2095
2022
1944
1887
1830
1780
1733
1706
1685
1676
1671
1683
1703
1727
1752
1787
1827
1862
1895
1903
1933
1951
1955
1963
1957
1951
1935
1925
1899
1893
1864
1852
1836
1817
1800
1791
1782
1767
1755
1759
1755
1753
1751
1769
1767
1779
1799
1843
1892
1951
2023
2115
2193
2271
2325
2380
2415
2425
2411
2391
2349
2299
2227
2160
2093
2019
1943
1881
1813
1757
1703
1669
1627
1612
1593
1597
1607
1625
1641
1679
1711
1741
1771
1815
1839
1865
1882
1901
1911
1907
1913
1903
1893
1878
1852
1843
1828
1805
1775
1765
1751
1734
1716
1715
1707
1707
1701
1703
1711
1720
1739
1765
1811
1869
1935
2021
2107
2201
2281
2358
2407
2453
2459
2461
2428
2392
2344
2287
2218
2138
2063
1993
1917
1854
1798
1756
1719
1691
1675
1674
1679
1689
1703
1737
1769
1801
1827
1863
1893
1911
1931
1951
1959
1961
1959
1955
1955
1944
1925
1912
1897
1881
1855
1847
1830
1821
1806
1801
1790
1791
1781
1789
1787
1789
1809
1833
1871
1913
1976
2056
2135
2211
2286
2358
2411
2447
2456
2456
2431
2397
2339
2291
2222
2151
2066
1997
1931
1863
1801
1753
1719
1690
1670
1660
1672
1683
1693
1723
1749
1781
1809
1837
1869
1899
1917
1939
1945
1951
1946
1945
1933
1915
1897
1887
1869
1847
1832
1823
1813
1787
1781
1779
1769
1763
1749
1752
1757
1759
1770
1807
1851
1907
1973
2045
2137
2218
2294
2356
2413
2445
2455
2455
2431
2399
2345
2293
2222
2156
2076
2010
1935
1879
1818
1779
1747
1701
1686
1683
1687
1692
1707
1741
1767
1789
1827
1865
1894
1913
1930
1947
1951
1955
1941
1939
1919
1907
1880
1867
1844
1821
1797
1775
1767
1755
1735
1723
1719
1709
1701
1693
1703
1710
1719
1742
1771
1823
1883
1961
2041
2133
2208
2291
2349
2389
2407
2409
2393
2351
2300
2249
2181
2103
2022
1951
1884
1819
1752
1707
1669
1635
1606
1604
1597
1611
1623
1651
1679
1709
1738
1767
1804
1828
1843
1855
1879
1881
1879
1881
1875
1869
1849
1843
1821
1815
1792
1791
1781
1774
1759
1758
1752
1750
1739
1743
1746
1739
1753
1775
1815
1851
1912
1995
2077
2165
2239
2325
2389
2431
2454
2462
2452
2421
2366
2317
2260
2191
2117
2043
1980
1913
1847
1800
1759
1725
1692
1686
1679
1690
1691
1715
1735
1765
1787
1823
1848
1881
1904
1931
1945
1947
1955
1961
1959
1947
1937
1931
1913
1899
1875
1867
1851
1837
1817
1811
1803
1798
1781
1784
1784
1788
1800
1823
1861
1909
1971
2043
2139
2221
2297
2361
2420
2461
2469
2467
2443
2407
2347
2293
2221
2153
2074
2007
1939
1878
1807
1767
1732
1693
1675
1673
1674
1678
1699
1734
1765
1801
1823
1867
1899
1928
1943
1964
1973
1981
1981
1976
1966
1952
1933
1915
1899
1879
1848
1831
1811
1790
1767
1757
1746
1743
1739
1747
1748
1759
1768
1788
1819
1866
1918
1993
2075
2153
2233
2315
2377
2419
2447
2463
2455
2421
2380
2339
2275
2204
2125
2059
1989
1919
1851
1805
1763
1723
1691
1677
1673
1677
1679
1695
1725
1753
1781
1815
1849
1879
1899
1928
1939
1951
1950
1957
1956
1947
1917
1909
1884
1869
1845
1831
1813
1791
1776
1773
1757
1742
1725
1725
1721
1720
1718
1741
1768
1804
1849
1919
1998
2069
2139
2217
2285
2327
2352
2367
2363
2341
2293
2245
2195
2125
2054
1980
1918
1863
1797
1752
1701
1675
1645
1635
1619
1629
1632
1657
1685
1707
1738
1771
1802
1823
1847
1877
1895
1903
1909
1927
1919
1911
1893
1886
1875
1855
1831
1821
1806
1786
1772
1755
1753
1747
1735
1735
1741
1753
1763
1787
1833
1881
1940
2015
2094
2175
2251
2325
2373
2415
2425
2431
2410
2383
2329
2276
2211
2139
2067
2003
1935
1867
1818
1781
1748
1711
1696
1695
1700
1707
1719
1751
1780
1811
1835
1871
1896
1917
1931
1949
1963
1963
1959
1959
1949
1935
1915
1909
1885
1875
1851
1846
1829
1823
1813
1813
1801
1801
1791
1803
1807
1829
1861
1907
1965
2027
2107
2190
2263
2327
2381
2427
2453
2456
2437
2413
2376
2323
2251
2191
2125
2053
1975
1916
1864
1813
1765
1738
1719
1709
1705
1710
1736
1753
1776
1804
1835
1868
1891
1925
1943
1959
1963
1975
1967
1970
1948
1943
1926
1908
1886
1877
1865
1844
1828
1823
1816
1801
1792
1801
1799
1800
1806
1823
1853
1891
1934
1999
2071
2147
2215
2281
2347
2390
2420
2431
2437
2412
2367
2323
2270
2206
2133
2074
1997
1939
1877
1831
1784
1756
1724
1716
1707
1715
1721
1749
1771
1801
1823
1865
1893
1915
1941
1965
1979
1981
1983
1989
1977
1965
1943
1931
1908
1885
1851
1839
1816
1791
1765
1752
1741
1733
1715
1707
1711
1719
1727
1757
1799
1849
1909
1983
2068
2143
2215
2282
2325
2363
2367
2374
2343
2311
2261
2207
2143
2073
1997
1940
1876
1810
1754
1720
1687
1658
1634
1638
1641
1647
1655
1691
1711
1747
1771
1807
1835
1862
1875
1887
1899
1903
1899
1898
1897
1883
1868
1852
1837
1827
1807
1789
1773
1766
1747
1741
1733
1727
1721
1733
1741
1752
1776
1829
1885
1949
2025
2117
2199
2269
2331
2392
2423
2431
2421
2403
2359
2315
2249
2190
2123
2059
1976
1933
1883
1835
1789
1759
1747
1736
1723
1734
1751
1771
1789
1828
1848
1883
1901
1939
1951
1975
1979
1991
1989
1975
1960
1955
1940
1912
1893
1882
1864
1839
1831
1829
1819
1811
1801
1811
1814
1816
1812
1837
1862
1899
1947
2011
2091
2167
2239
2317
2381
2425
2450
2467
2456
2429
2388
2329
2282
2223
2148
2080
2007
1944
1880
1833
1783
1757
1724
1719
1715
1720
1735
1759
1787
1815
1845
1884
1915
1941
1959
1982
1998
2008
2005
2009
2009
1993
1966
1959
1940
1917
1891
1877
1855
1837
1814
1805
1786
1775
1759
1751
1756
1767
1779
1817
1866
1931
2003
2091
2174
2269
2341
2411
2455
2485
2488
2479
2454
2405
2343
2284
2215
2135
2060
1992
1928
1864
1805
1769
1735
1711
1692
1703
1709
1723
1742
1775
1809
1843
1851
1897
1919
1941
1951
1961
1973
1976
1963
1952
1947
1932
1911
1901
1878
1865
1844
1835
1821
1811
1790
1787
1759
1772
1765
1769
1771
1778
1799
1839
1893
1955
2031
2123
2207
2283
2349
2409
2444
2457
2443
2425
2387
2327
2252
2189
2117
2031
1945
1881
1819
1759
1706
1663
1645
1628
1612
1619
1634
1655
1676
1711
1741
1775
1803
1835
1861
1883
1894
1910
1909
1909
1899
1895
1883
1865
1839
1827
1803
1775
1763
1755
1737
1673
1710
1709
1711
1715
1707
1721
1734
1749
1774
1823
1884
1959
2041
2135
2229
2316
2381
2439
2475
2491
2473
2445
2404
2351
2276
2215
2133
2063
1981
1918
1851
1801
1748
1715
1690
1675
1661
1677
1695
1711
1742
1781
1817
1848
1880
1911
1938
1959
1963
1975
1975
1973
1957
1951
1941
1927
1893
1884
1871
1851
1833
1819
1816
1811
1799
1797
1791
1790
1789
1799
1815
1842
1877
1935
1997
2083
2157
2248
2317
2381
2427
2460
2473
2467
2427
2395
2339
2267
2200
2132
2057
1967
1908
1851
1799
1755
1709
1693
1684
1677
1677
1694
1715
1743
1768
1804
1839
1875
1895
1915
1939
1947
1945
1945
1943
1934
1911
1907
1886
1876
1849
1839
1823
1815
1799
1800
1781
1775
1772
1780
1781
1783
1789
1812
1835
1867
1915
1991
2063
2143
2217
2301
2367
2419
2451
2475
2473
2451
2407
2360
2299
2227
2141
2067
1993
1915
1849
1783
1733
1685
1643
1613
1607
1608
1609
1635
1651
1685
1710
1749
1775
1811
1831
1855
1874
1881
1885
1895
1887
1877
1864
1851
1839
1821
1799
1791
1781
1770
1752
1755
1749
1749
1735
1738
1737
1737
1717
1737
1753
1775
1813
1865
1939
2011
2091
2169
2246
2302
2341
2407
2387
2381
2345
2303
2244
2182
2100
2025
1943
1875
1789
1737
1687
1635
1605
1589
1579
1571
1578
1604
1625
1639
1687
1727
1773
1806
1831
1879
1913
1940
1946
1957
1961
1955
1939
1932
1915
1899
1877
1863
1847
1831
1816
1811
1804
1799
1787
1788
1785
1789
1789
1801
1812
1843
1879
1941
1984
2083
2159
2245
2312
2367
2420
2455
2462
2447
2415
2380
2325
2253
2171
2104
2029
1957
1878
1823
1770
1726
1689
1675
1661
1663
1663
1694
1717
1750
1779
1815
1862
1895
1917
1931
1964
1979
1979
1981
1967
1963
1943
1933
1911
1895
1879
1868
1850
1835
1819
1814
1804
1791
1787
1797
1789
1784
1780
1789
1801
1822
1847
1903
1973
2045
2125
2215
2288
2359
2393
2429
2451
2443
2409
2377
2325
2261
2184
2119
2041
1975
1899
1843
1784
1747
1705
1689
1671
1672
1671
1694
1711
1749
1784
1831
1867
1897
1928
1961
1978
1991
1994
2003
2001
1972
1965
1952
1933
1910
1879
1865
1839
1819
1791
1785
1778
1764
1753
1747
1747
1749
1741
1747
1757
1771
1791
1835
1899
1977
2071
2171
2271
2373
2457
2525
2570
2601
2596
2583
2523
2475
2405
2329
2245
2151
2059
1976
1899
1828
1769
1734
1703
1685
1671
1677
1691
1709
1727
1768
1801
1835
1865
1902
1929
1951
1961
1973
1981
1983
1971
1965
1951
1935
1914
1887
1880
1867
1839
1831
1812
1804
1785
1784
1773
1776
1771
1775
1780
1784
1791
1819
1849
1886
1947
2021
2099
2175
2253
2332
2393
2441
2459
2479
2471
2445
2396
2347
2281
2207
2116
2044
1976
1899
1829
1768
1719
1679
1647
1635
1631
1639
1647
1677
1701
1736
1762
1791
1822
1851
1875
1901
1911
1929
1929
1929
1925
1913
1893
1882
1869
1835
1813
1791
1779
1747
1741
1737
1734
1726
1716
1727
1726
1727
1723
1735
1755
1785
1823
1883
1959
2037
2116
2199
2270
2325
2359
2385
2387
2367
2327
2287
2223
2167
2091
2025
1947
1883
1815
1763
1715
1672
1644
1637
1631
1635
1653
1686
1721
1757
1791
1835
1879
1916
1945
1973
1998
2013
2011
2023
2020
2013
1995
1991
1976
1959
1938
1917
1909
1895
1875
1867
1855
1847
1833
1816
1829
1829
1827
1845
1863
1901
1949
2013
2089
2167
2237
2317
2381
2421
2452
2469
2460
2428
2391
2341
2280
2207
2135
2075
1997
1925
1852
1805
1753
1709
1673
1658
1654
1656
1655
1685
1715
1745
1770
1807
1847
1880
1902
1927
1947
1956
1950
1959
1952
1947
1929
1925
1901
1895
1875
1865
1847
1833
1819
1811
1803
1789
1781
1786
1787
1791
1812
1849
1899
1947
2027
2115
2198
2267
2330
2392
2429
2456
2457
2444
2413
2367
2301
2247
2173
2103
2019
1949
1889
1829
1769
1725
1699
1677
1655
1659
1659
1677
1693
1723
1749
1783
1810
1843
1867
1887
1897
1912
1912
1907
1897
1893
1880
1867
1843
1831
1817
1799
1779
1771
1763
1751
1735
1737
1733
1735
1725
1747
1773
1816
1868
1942
2021
2107
2185
2264
2340
2395
2425
2443
2430
2409
2360
2313
2239
2169
2084
2012
1929
1855
1781
1725
1675
1630
1600
1593
1583
1587
1597
1625
1656
1687
1724
1769
1807
1835
1855
1885
1901
1914
1913
1919
1915
1907
1884
1876
1862
1848
1823
1815
1811
1799
1783
1780
1784
1783
1782
1788
1800
1823
1853
1908
1965
2041
2121
2207
2287
2361
2415
2458
2483
2476
2456
2425
2375
2311
2235
2165
2093
2019
1939
1880
1821
1771
1719
1699
1674
1663
1655
1675
1694
1719
1750
1785
1823
1864
1889
1915
1945
1959
1964
1967
1967
1963
1947
1941
1915
1907
1882
1875
1853
1843
1821
1815
1809
1801
1791
1799
1801
1801
1817
1848
1895
1948
2020
2105
2185
2259
2323
2383
2419
2444
2443
2439
2407
2359
2294
2235
2167
2095
2012
1945
1883
1827
1767
1725
1703
1683
1669
1671
1674
1694
1715
1751
1775
1815
1840
1881
1903
1929
1940
1951
1957
1955
1939
1940
1928
1903
1892
1881
1869
1847
1829
1821
1807
1799
1775
1783
1774
1780
1775
1799
1819
1854
1897
1971
2054
2133
2208
2284
2359
2411
2443
2456
2457
2439
2391
2346
2275
2212
2131
2063
1981
1913
1843
1792
1740
1704
1671
1659
1647
1653
1657
1687
1711
1739
1771
1813
1843
1876
1892
1915
1927
1935
1928
1930
1917
1900
1878
1864
1845
1827
1804
1788
1779
1767
1753
1745
1741
1737
1721
1719
1719
1723
1724
1754
1785
1843
1903
1991
2076
2168
2251
2331
2397
2431
2451
2456
2442
2399
2347
2285
2214
2131
2041
1964
1891
1823
1751
1701
1661
1626
1598
1597
1605
1615
1631
1669
1703
1738
1767
1809
1843
1871
1892
1911
1926
1929
1927
1955
1909
1898
1879
1866
1839
1833
1812
1805
1787
1781
1767
1763
1757
1751
1751
1763
1767
1783
1812
1853
1914
1982
2070
2159
2249
2332
2396
2463
2507
2525
2520
2507
2471
2413
2335
2267
2195
2110
2023
1949
1885
1823
1763
1723
1703
1683
1659
1677
1685
1708
1735
1767
1791
1835
1865
1899
1925
1945
1957
1973
1975
1971
1963
1959
1949
1928
1911
1899
1875
1865
1838
1833
1817
1810
1785
1787
1781
1782
1775
1789
1815
1849
1899
1966
2041
2132
2213
2299
2387
2447
2490
2521
2527
2518
2477
2439
2366
2300
2219
2149
2067
1993
1912
1853
1801
1749
1706
1687
1673
1660
1663
1688
1711
1736
1769
1812
1847
1879
1901
1935
1956
1965
1964
1971
1964
1963
1931
1919
1903
1885
1865
1851
1835
1823
1809
1800
1799
1792
1783
1785
1784
1797
1801
1828
1853
1911
1975
2058
2140
2231
2315
2396
2460
2504
2525
2536
2519
2482
2426
2367
2295
2207
2123
2052
1971
1897
1823
1772
1727
1692
1656
1647
1645
1655
1659
1693
1725
1759
1790
1823
1866
1895
1911
1935
1943
1949
1942
1941
1927
1912
1892
1879
1851
1837
1815
1801
1776
1767
1747
1743
1735
1720
1717
1722
1722
1725
1747
1783
1829
1887
1961
2057
2141
2227
2299
2375
2425
2457
2458
2455
2421
2374
2299
2229
2150
2069
1972
1892
1819
1750
1682
1631
1599
1575
1545
1549
1553
1573
1587
1623
1657
1703
1741
1785
1827
1849
1875
1897
1903
1901
1900
1900
1887
1865
1845
1829
1811
1787
1759
1748
1736
1719
1694
1699
1689
1687
1685
1693
1707
1725
1755
1807
1879
1957
2043
2139
2235
2325
2392
2452
2483
2501
2485
2464
2413
2361
2283
2213
2126
2042
1957
1885
1815
1753
1693
1669
1637
1619
1615
1629
1653
1679
1703
1750
1784
1824
1850
1895
1919
1944
1948
1959
1957
1952
1927
1929
1913
1895
1871
1849
1837
1819
1801
1784
1779
1771
1756
1756
1754
1757
1759
1783
1809
1853
1909
1993
2071
2157
2237
2327
2389
2437
2456
2471
2461
2439
2378
2330
2263
2189
2104
2035
1959
1893
1817
1767
1719
1685
1651
1641
1641
1651
1675
1692
1723
1766
1799
1833
1873
1899
1912
1941
1956
1963
1961
1965
1949
1943
1918
1911
1885
1875
1845
1837
1821
1804
1787
1783
1775
1768
1763
1771
1779
1787
1820
1869
1929
1999
2076
2166
2245
2315
2367
2423
2447
2458
2431
2411
2366
2312
2235
2167
2096
2022
1943
1879
1823
1769
1723
1699
1675
1671
1663
1679
1691
1724
1739
1786
1817
1852
1881
1913
1935
1947
1950
1961
1963
1952
1942
1933
1919
1903
1884
1879
1865
1851
1833
1831
1821
1815
1801
1799
1786
1781
1755
1773
1799
1829
1874
1939
2018
2103
2187
2267
2343
2405
2443
2471
2469
2453
2414
2367
2299
2234
2153
2085
2005
1941
1868
1816
1770
1723
1693
1679
1671
1671
1675
1705
1727
1765
1789
1831
1869
1901
1917
1947
1962
1972
1965
1971
1963
1951
1929
1919
1899
1883
1852
1833
1819
1801
1779
1767
1763
1753
1738
1739
1727
1737
1746
1769
1805
1855
1920
2003
2092
2171
2255
2333
2395
2431
2453
2457
2439
2397
2339
2285
2215
2132
2040
1965
1891
1813
1735
1689
1635
1605
1575
1566
1568
1578
1592
1624
1653
1691
1723
1757
1792
1829
1847
1879
1880
1890
1885
1891
1875
1865
1843
1831
1811
1792
1769
1759
1743
1721
1711
1705
1703
1695
1692
1703
1711
1715
1733
1765
1811
1864
1925
2009
2093
2171
2233
2297
2345
2364
2347
2355
2328
2279
2215
2151
2085
2005
1927
1849
1787
1725
1669
1631
1595
1580
1564
1573
1574
1591
1617
1647
1682
1717
1747
1784
1817
1835
1853
1879
1883
1883
1879
1877
1867
1850
1829
1819
1801
1786
1759
1756
1747
1735
1718
1719
1719
1715
1707
1717
1739
1767
1803
1862
1933
2011
2095
2175
2254
2323
2361
2397
2403
2395
2361
2327
2265
2207
2133
2073
2003
1929
1863
1807
1755
1711
1674
1656
1644
1637
1640
1659
1681
1703
1722
1754
1782
1812
1829
1863
1880
1897
1899
1911
1912
1903
1891
1878
1869
1853
1833
1829
1812
1805
1782
1781
1771
1773
1767
1773
1772
1796
1811
1851
1897
1966
2035
2120
2197
2268
2328
2379
2407
2413
2409
2389
2351
2297
2234
2175
2105
2039
1955
1907
1851
1801
1752
1733
1705
1694
1670
1701
1717
1741
1759
1785
1819
1851
1876
1899
1931
1949
1957
1975
1961
1963
1947
1941
1927
1913
1891
1881
1868
1852
1835
1829
1820
1811
1801
1801
1799
1798
1810
1839
1875
1926
1989
2065
2141
2219
2284
2357
2403
2429
2439
2443
2421
2387
2331
2279
2216
2148
2070
1996
1933
1871
1805
1763
1725
1704
1683
1687
1686
1705
1723
1763
1787
1828
1855
1900
1931
1951
1972
1989
1997
2001
1992
1989
1977
1960
1949
1931
1911
1893
1869
1855
1843
1831
1814
1811
1803
1802
1800
1819
1840
1881
1930
1995
2073
2152
2223
2297
2365
2419
2452
2472
2469
2451
2407
2366
2297
2233
2155
2089
2005
1941
1863
1815
1765
1721
1699
1689
1682
1687
1703
1737
1767
1801
1835
1883
1915
1950
1967
1995
2018
2019
2015
2013
2005
1993
1971
1957
1943
1919
1900
1887
1871
1855
1837
1827
1822
1815
1807
1815
1821
1845
1879
1931
1993
2077
2155
2253
2328
2411
2474
2524
2553
2555
2540
2519
2471
2405
2328
2260
2173
2095
2005
1939
1869
1807
1747
1717
1689
1679
1672
1691
1710
1743
1781
1823
1875
1916
1956
1995
2030
2059
2075
2087
2103
2105
2100
2101
2088
2079
2065
2055
2030
2021
1998
1997
1991
1976
1971
1973
1981
1995
2015
2059
2101
2154
2215
2292
2359
2427
2477
2525
2550
2547
2521
2486
2423
2347
2248
2155
2054
1950
1839
1755
1675
1599
1533
1495
1469
1459
1453
1471
1493
1532
1581
1639
1689
1745
1787
1839
1881
1913
1938
1959
1975
1975
1972
1973
1963
1943
1930
1913
1897
1869
1851
1838
1823
1813
1787
1789
1787
1789
1804
1843
1892
1949
2011
2085
2157
2223
2279
2323
2357
2361
2345
2324
2285
2229
2154
2085
2003
1928
1843
1779
1705
1653
1592
1563
1523
1515
1506
1516
1531
1551
1577
1615
1647
1687
1711
1749
1775
1791
1805
1823
1831
1835
1822
1823
1816
1805
1784
1773
1752
1743
1720
1709
1701
1693
1679
1681
1690
1699
1711
1743
1799
1851
1915
1997
2075
2151
2215
2274
2303
2328
2323
2312
2277
2222
2163
2107
2035
1959
1886
1828
1765
1703
1653
1624
1587
1577
1563
1573
1581
1597
1619
1653
1686
1723
1754
1798
1823
1848
1861
1877
1886
1892
1883
1883
1871
1855
1834
1822
1801
1787
1768
1761
1746
1741
1733
1726
1723
1739
1755
1791
1843
1900
1973
2063
2132
2213
2279
2333
2365
2376
2365
2351
2319
2268
2200
2143
2075
2003
1919
1863
1801
1746
1693
1653
1635
1621
1611
1619
1639
1659
1689
1725
1769
1807
1836
1878
1899
1929
1942
1960
1959
1962
1949
1947
1926
1913
1887
1875
1851
1831
1810
1799
1787
1771
1763
1765
1767
1782
1803
1848
1907
1973
2040
2134
2213
2283
2335
2381
2407
2410
2394
2362
2323
2264
2191
2124
2059
1981
1903
1840
1785
1739
1696
1672
1651
1651
1653
1673
1694
1727
1762
1803
1843
1877
1909
1947
1967
1981
1991
2003
2002
1991
1976
1967
1955
1940
1912
1901
1885
1869
1845
1847
1833
1829
1820
1834
1855
1881
1915
1977
2055
2133
2207
2286
2365
2429
2475
2508
2518
2515
2480
2453
2388
2330
2257
2189
2107
2036
1959
1899
1847
1799
1761
1747
1734
1733
1743
1769
1797
1831
1861
1900
1939
1965
1990
2015
2031
2040
2037
2041
2037
2026
2007
1993
1977
1961
1933
1917
1907
1891
1871
1864
1853
1851
1844
1851
1861
1885
1919
1981
2035
2131
2211
2297
2367
2442
2491
2527
2543
2533
2507
2473
2425
2345
2277
2199
2120
2035
1955
1891
1832
1781
1727
1709
1695
1693
1695
1717
1748
1777
1812
1860
1894
1933
1959
1989
2012
2024
2029
2030
2031
2021
2005
1997
1975
1959
1933
1915
1891
1880
1855
1847
1831
1819
1809
1813
1817
1821
1838
1875
1918
1979
2059
2146
2230
2317
2393
2463
2519
2551
2556
2555
2527
2479
2413
2349
2269
2185
2093
2012
1935
1869
1805
1755
1723
1700
1678
1675
1683
1703
1722
1763
1789
1835
1870
1909
1941
1972
1992
2011
2021
2015
2011
2009
1995
1971
1948
1931
1909
1885
1867
1853
1839
1829
1813
1811
1805
1797
1785
1797
1801
1819
1844
1891
1952
2023
2103
2184
2269
2345
2402
2447
2475
2477
2455
2427
2367
2309
2223
2149
2067
1983
1902
1839
1779
1725
1674
1635
1597
1566
1549
1545
1544
1549
1566
1597
1629
1655
1685
1717
1741
1762
1767
1785
1788
1785
1772
1771
1763
1751
1733
1715
1707
1705
1684
1673
1673
1669
1657
1656
1659
1659
1659
1679
1693
1726
1775
1837
1912
2004
2093
2188
2268
2345
2402
2445
2463
2455
2425
2393
2333
2263
2184
2106
2025
1939
1843
1769
1691
1621
1545
1492
1437
1395
1363
1355
1363
1383
1418
1469
1541
1607
1674
1747
1811
1864
1908
1949
1979
2009
2019
2023
2003
1972
1926
1883
1821
1775
1727
1709
1689
1673
1655
1659
1669
1675
1691
1719
1741
1768
1805
1845
1885
1935
1975
2031
2085
2121
2139
2159
2165
2157
2135
2107
2079
2031
1979
1938
1893
1848
1799
1759
1733
1701
1670
1655
1643
1643
1641
1661
1674
1705
1727
1766
1791
1834
1861
1896
1913
1933
1935
1938
1929
1903
1885
1874
1851
1823
1801
1791
1781
1773
1759
1763
1757
1757
1749
1759
1769
1779
1791
1828
1871
1919
1983
2067
2156
2247
2324
2397
2459
2509
2527
2540
2531
2510
2468
2425
2363
2303
2221
2156
2079
2005
1933
1878
1821
1768
1725
1702
1685
1663
1658
1672
1686
1699
1710
1739
1763
1784
1798
1819
1832
1839
1833
1837
1835
1823
1813
1804
1791
1782
1758
1751
1739
1725
1717
1709
1705
1707
1705
1721
1734
1763
1787
1846
1903
1979
2063
2138
2207
2269
2313
2347
2359
2346
2315
2283
2236
2171
2107
2042
1976
1909
1840
1797
1749
1708
1673
1657
1647
1647
1648
1662
1691
1719
1747
1771
1815
1845
1870
1895
1917
1935
1932
1935
1927
1918
1899
1891
1869
1852
1834
1829
1819
1815
1812
1819
1823
1831
1843
1867
1891
1925
1974
2041
2121
2203
2283
2377
2455
2521
2567
2599
2607
2595
2549
2507
2441
2361
2269
2189
2105
2022
1941
1875
1819
1770
1725
1707
1695
1695
1699
1721
1746
1773
1810
1845
1879
1925
1949
1983
2011
2024
2031
2043
2044
2030
2018
2009
1991
1971
1944
1929
1901
1883
1853
1843
1828
1817
1801
1811
1819
1843
1878
1939
2013
2093
2181
2277
2363
2444
2496
2543
2583
2590
2575
2543
2493
2437
2360
2287
2201
2123
2031
1960
1887
1833
1775
1748
1721
1709
1707
1717
1727
1740
1763
1790
1821
1847
1879
1903
1927
1941
1944
1956
1959
1957
1944
1944
1935
1918
1896
1882
1869
1849
1831
1817
1811
1801
1785
1786
1785
1803
1818
1855
1913
1989
2072
2167
2255
2345
2415
2479
2519
2533
2524
2509
2470
2409
2336
2268
2189
2103
2014
1949
1877
1815
1753
1709
1677
1654
1635
1642
1653
1669
1686
1719
1753
1785
1815
1846
1875
1903
1915
1929
1943
1945
1939
1934
1926
1915
1894
1883
1864
1851
1829
1819
1802
1788
1771
1765
1755
1742
1739
1751
1768
1800
1848
1916
1995
2079
2168
2255
2330
2391
2424
2447
2443
2421
2374
2325
2261
2185
2095
2024
1949
1871
1799
1739
1689
1647
1613
1595
1593
1594
1605
1631
1655
1691
1717
1757
1783
1823
1847
1875
1885
1903
1903
1911
1907
1897
1877
1869
1849
1827
1807
1791
1775
1719
1738
1735
1723
1719
1706
1715
1711
1715
1717
1749
1782
1835
1895
1973
2067
2151
2226
2297
2355
2392
2404
2403
2387
2345
2287
2234
2163
2095
2011
1943
1870
1806
1740
1695
1651
1624
1605
1605
1605
1615
1628
1655
1687
1710
1748
1783
1819
1850
1867
1891
1907
1913
1903
1910
1909
1896
1879
1875
1863
1845
1823
1810
1799
1783
1766
1755
1751
1741
1727
1723
1736
1754
1772
1819
1867
1942
2011
2099
2175
2259
2315
2364
2398
2403
2392
2367
2325
2269
2203
2140
2073
1993
1917
1861
1803
1751
1701
1676
1655
1642
1629
1645
1659
1686
1709
1749
1785
1817
1843
1875
1903
1929
1942
1950
1961
1964
1959
1963
1948
1943
1925
1915
1896
1887
1867
1852
1837
1831
1819
1818
1816
1813
1821
1847
1889
1933
1998
2082
2163
2249
2312
2378
2422
2457
2459
2459
2429
2389
2328
2271
2205
2132
2059
1989
1925
1862
1799
1752
1721
1695
1673
1673
1685
1695
1715
1751
1779
1815
1847
1885
1911
1944
1960
1977
1983
1992
1991
1988
1979
1963
1947
1939
1927
1900
1882
1875
1863
1854
1837
1837
1833
1836
1833
1853
1881
1918
1963
2037
2121
2197
2269
2346
2409
2457
2478
2493
2490
2463
2420
2357
2295
2227
2142
2076
1995
1934
1868
1823
1775
1751
1721
1716
1716
1717
1739
1755
1779
1803
1833
1869
1893
1912
1929
1949
1959
1964
1959
1960
1956
1947
1927
1919
1902
1887
1863
1851
1835
1819
1801
1797
1782
1773
1763
1767
1783
1812
1851
1915
1979
2071
2147
2232
2301
2367
2408
2443
2451
2443
2405
2365
2311
2232
2159
2091
2009
1930
1863
1803
1751
1727
1664
1648
1637
1630
1635
1653
1677
1705
1735
1775
1816
1851
1881
1909
1940
1951
1959
1960
1963
1957
1939
1927
1911
1899
1878
1868
1847
1835
1816
1807
1789
1783
1767
1764
1764
1764
1781
1813
1851
1909
1976
2063
2141
2215
2282
2335
2373
2387
2355
2324
2262
2175
2079
1983
1885
1791
1685
1614
1549
1497
1451
1430
1426
1433
1439
1471
1513
1565
1609
1675
1717
1773
1821
1863
1895
1919
1932
1943
1940
1941
1927
1917
1899
1879
1853
1839
1819
1791
1773
1765
1751
1737
1723
1721
1721
1719
1719
1748
1775
1819
1868
1945
2023
2101
2169
2239
2293
2329
2335
2332
2315
2279
2221
2164
2105
2035
1957
1885
1810
1747
1676
1627
1576
1543
1509
1498
1487
1507
1518
1555
1591
1627
1659
1701
1737
1767
1790
1822
1839
1783
1845
1850
1845
1829
1805
1797
1773
1755
1726
1717
1701
1691
1675
1675
1675
1671
1663
1675
1691
1709
1743
1791
1863
1939
2019
2111
2191
2270
2321
2357
2375
2375
2342
2309
2239
2169
2091
2014
1944
1855
1779
1717
1660
1610
1578
1564
1559
1557
1566
1593
1624
1660
1691
1749
1789
1830
1863
1899
1927
1943
1940
1959
1957
1951
1939
1927
1913
1897
1875
1853
1835
1819
1799
1787
1771
1759
1750
1750
1752
1771
1787
1835
1892
1957
2037
2129
2221
2299
2365
2421
2454
2459
2443
2421
2361
2311
2228
2157
2083
1997
1911
1845
1783
1719
1677
1645
1627
1618
1611
1619
1641
1670
1695
1733
1773
1815
1845
1881
1907
1935
1947
1962
1959
1971
1951
1945
1925
1913
1883
1870
1848
1823
1800
1785
1769
1753
1741
1737
1735
1741
1752
1791
1839
1903
1981
2085
2189
2283
2359
2442
2492
2521
2517
2501
2464
2407
2326
2249
2165
2079
1983
1907
1833
1769
1704
1669
1631
1619
1605
1613
1623
1653
1683
1723
1719
1814
1852
1901
1941
1965
1991
2015
2023
2019
2009
2007
1983
1971
1941
1920
1899
1879
1849
1836
1819
1805
1784
1785
1775
1773
1772
1786
1813
1845
1874
1913
1960
2003
2031
2077
2103
2125
2125
2127
2109
2093
2056
2021
1977
1939
1891
1852
1815
1769
1737
1711
1693
1673
1663
1672
1679
1687
1695
1726
1756
1780
1803
1833
1863
1884
1895
1912
1917
1919
1904
1901
1885
1871
1845
1833
1813
1789
1763
1741
1727
1715
1690
1682
1669
1659
1651
1659
1669
1687
1717
1775
1848
1944
2059
2189
2322
2444
2553
2649
2711
2735
2729
2700
2643
2572
2453
2349
2237
2129
2008
1915
1820
1741
1669
1623
1589
1564
1548
1559
1580
1604
1632
1673
1720
1765
1804
1851
1897
1933
1962
1993
2003
2011
2006
2003
1979
1951
1939
1909
1885
1845
1812
1787
1767
1737
1720
1711
1701
1691
1687
1695
1709
1739
1773
1843
1917
2011
2107
2215
2313
2403
2467
2505
2524
2523
2488
2445
2389
2309
2215
2131
2043
1951
1865
1791
1723
1685
1635
1613
1593
1594
1599
1625
1651
1690
1722
1771
1817
1861
1897
1941
1973
1995
2015
2029
2041
2035
2029
2025
2013
1993
1965
1955
1937
1925
1887
1880
1868
1852
1836
1839
1839
1855
1883
1933
2007
2095
2195
2296
2405
2495
2572
2628
2651
2657
2627
2585
2507
2428
2332
2236
2137
2035
1939
1861
1779
1711
1651
1619
1593
1573
1575
1594
1621
1645
1689
1743
1791
1839
1883
1937
1965
1996
2009
2024
2031
2028
2009
2004
1990
1963
1938
1917
1900
1879
1851
1835
1823
1815
1791
1789
1779
1780
1780
1803
1828
1876
1933
2010
2099
2169
2248
2328
2385
2424
2443
2451
2429
2389
2335
2279
2204
2126
2035
1963
1885
1814
1741
1693
1655
1626
1597
1603
1609
1623
1640
1671
1707
1747
1779
1821
1865
1897
1927
1961
1971
1989
1989
1996
1983
1981
1959
1951
1913
1910
1875
1871
1852
1833
1820
1819
1815
1807
1805
1823
1846
1877
1926
1998
2083
2181
2277
2379
2471
2541
2590
2631
2642
2623
2582
2531
2468
2386
2292
2203
2120
2031
1945
1871
1811
1755
1704
1676
1651
1646
1644
1673
1689
1726
1758
1807
1846
1891
1929
1967
1999
2019
2032
2055
2056
2042
2029
2023
2007
1991
1949
1930
1898
1875
1837
1827
1807
1791
1773
1773
1773
1782
1799
1846
1909
1993
2085
2185
2292
2389
2464
2527
2577
2591
2584
2555
2507
2449
2365
2293
2199
2119
2019
1945
1878
1797
1733
1691
1652
1625
1606
1613
1623
1637
1659
1701
1736
1771
1805
1848
1883
1914
1938
1961
1973
1981
1967
1976
1967
1951
1933
1926
1903
1890
1868
1847
1835
1819
1801
1805
1784
1781
1776
1799
1819
1863
1914
1991
2067
2156
2235
2319
2385
2431
2467
2485
2477
2443
2395
2341
2267
2189
2101
2027
1945
1870
1791
1739
1689
1647
1610
1597
1589
1588
1591
1621
1643
1672
1699
1737
1768
1804
1831
1848
1879
1895
1895
1908
1902
1900
1886
1879
1861
1847
1820
1817
1801
1789
1771
1764
1752
1736
1724
1724
1725
1734
1753
1792
1839
1916
1959
2036
2109
2182
2233
2293
2331
2354
2355
2347
2319
2281
2222
2175
2105
2035
1959
1895
1835
1778
1722
1685
1653
1635
1614
1621
1625
1637
1647
1683
1703
1727
1751
1780
1774
1820
1844
1848
1855
1865
1862
1865
1861
1845
1838
1833
1823
1813
1804
1791
1785
1779
1759
1767
1767
1768
1763
1783
1799
1823
1851
1893
1945
1997
2053
2101
2151
2189
2213
2227
2231
2230
2203
2183
2141
2104
2055
2011
1951
1915
1862
1829
1797
1763
1737
1725
1719
1709
1712
1725
1745
1757
1780
1809
1832
1851
1865
1883
1895
1900
1898
1895
1901
1899
1883
1881
1877
1869
1851
1844
1839
1831
1817
1815
1816
1816
1814
1827
1837
1868
1895
1940
1979
2029
2077
2127
2163
2201
2223
2245
2249
2246
2219
2205
2171
2133
2092
2059
2013
1963
1927
1897
1869
1839
1815
1811
1803
1800
1800
1815
1821
1835
1845
1855
1879
1891
1895
1907
1914
1925
1919
1928
1935
1931
1918
1917
1908
1903
1893
1893
1880
1877
1875
1865
1839
1855
1863
1880
1899
1929
1957
2007
2055
2090
2134
2186
2219
2248
2260
2277
2275
2264
2234
2215
2183
2141
2092
2057
2012
1973
1931
1895
1875
1853
1835
1829
1831
1831
1833
1837
1853
1877
1884
1907
1917
1938
1941
1955
1957
1963
1955
1957
1951
1943
1929
1926
1918
1903
1895
1893
1885
1875
1869
1869
1866
1868
1864
1881
1901
1929
1957
2005
2056
2104
2148
2203
2239
2277
2296
2311
2315
2303
2275
2250
2215
2172
2117
2077
2024
1983
1943
1909
1875
1849
1828
1821
1813
1817
1818
1832
1845
1863
1875
1895
1911
1919
1933
1949
1955
1940
1955
1956
1951
1947
1933
1934
1919
1913
1896
1893
1883
1876
1866
1853
1853
1851
1843
1849
1854
1879
1899
1933
1973
2023
2067
2120
2159
2205
2238
2267
2277
2283
2269
2259
2233
2199
2153
2117
2072
2014
1967
1934
1899
1867
1839
1829
1813
1806
1799
1810
1816
1829
1831
1851
1867
1883
1889
1907
1916
1926
1927
1932
1932
1929
1917
1912
1908
1895
1880
1851
1865
1853
1837
1837
1823
1823
1815
1819
1816
1821
1827
1843
1867
1891
1927
1967
2013
2059
2103
2147
2182
2199
2206
2219
2213
2197
2165
2147
2111
2075
2025
1995
1956
1914
1892
1847
1827
1805
1785
1781
1780
1784
1788
1797
1815
1827
1839
1853
1867
1881
1883
1895
1887
1896
1886
1893
1883
1883
1870
1871
1864
1852
1838
1837
1831
1819
1816
1815
1813
1788
1801
1807
1811
1819
1827
1849
1879
1910
1942
1989
2029
2069
2100
2123
2149
2156
2151
2147
2133
2108
2076
2039
2013
1975
1933
1907
1871
1847
1816
1801
1781
1779
1767
1775
1747
1783
1787
1809
1819
1827
1836
1853
1867
1871
1879
1885
1890
1890
1878
1880
1879
1876
1863
1863
1853
1843
1829
1830
1827
1823
1815
1817
1817
1817
1815
1816
1829
1839
1853
1855
1909
1949
1978
2023
2055
2090
2107
2130
2134
2139
2125
2118
2099
2071
2036
2008
1974
1939
1902
1883
1861
1835
1815
1811
1803
1799
1786
1801
1805
1813
1816
1833
1839
1853
1817
1869
1880
1886
1883
1885
1892
1891
1881
1881
1880
1877
1867
1867
1859
1852
1843
1843
1831
1831
1823
1821
1819
1823
1827
1839
1855
1879
1896
1934
1971
2009
2039
2079
2106
2107
2135
2148
2141
2133
2107
2089
2063
2027
1989
1963
1931
1901
1869
1849
1835
1822
1807
1804
1805
1807
1807
1814
1824
1837
1844
1864
1869
1879
1878
1891
1887
1896
1892
1897
1842
1899
1883
1885
1881
1874
1856
1853
1847
1835
1833
1833
1832
1830
1819
1829
1834
1845
1848
1877
1901
1932
1956
1995
2028
2063
2080
2105
2121
2125
2121
2111
2103
2078
2052
2013
1993
1966
1931
1911
1880
1863
1835
1831
1811
1813
1803
1811
1813
1818
1823
1843
1851
1865
1870
1881
1887
1891
1895
1897
1902
1903
1892
1897
1897
1897
1887
1893
1891
1885
1871
1876
1875
1874
1866
1867
1867
1865
1861
1866
1878
1885
1895
1917
1941
1967
1992
2027
2056
2089
2103
2125
2131
2133
2126
2125
2107
2083
2046
2030
2003
1959
1935
1916
1895
1865
1852
1851
1845
1847
1836
1852
1865
1871
1877
1897
1909
1919
1927
1938
1946
1952
1951
1956
1959
1955
1944
1941
1939
1930
1913
1912
1907
1903
1893
1893
1881
1887
1876
1879
1878
1875
1873
1875
1880
1883
1895
1918
1944
1965
1997
2032
2071
2103
2125
2155
2171
2185
2172
2174
2165
2147
2112
2093
2063
2024
1983
1959
1929
1896
1870
1853
1844
1835
1829
1833
1835
1847
1851
1869
1876
1893
1895
1911
1919
1931
1933
1945
1947
1948
1945
1948
1947
1948
1931
1933
1928
1913
1907
1907
1897
1893
1883
1885
1881
1877
1863
1871
1871
1875
1852
1890
1911
1939
1961
2003
2041
2086
2122
2159
2200
2228
2249
2260
2261
2257
2231
2213
2181
2147
2103
2069
2015
1977
1934
1903
1875
1845
1828
1819
1816
1811
1813
1822
1832
1861
1849
1877
1889
1907
1911
1929
1943
1945
1943
1951
1949
1947
1937
1935
1933
1928
1912
1907
1900
1896
1881
1877
1875
1874
1864
1867
1867
1869
1869
1886
1901
1934
1963
2011
2060
2105
2155
2215
2259
2291
2314
2335
2342
2333
2315
2293
2261
2217
2167
2123
2075
2023
1973
1939
1901
1873
1817
1827
1818
1809
1804
1819
1831
1845
1855
1879
1901
1917
1931
1951
1959
1967
1967
1976
1973
1975
1965
1963
1961
1947
1929
1926
1912
1897
1884
1881
1879
1866
1854
1855
1853
1847
1849
1867
1885
1911
1945
1999
2059
2121
2171
2237
2291
2332
2367
2381
2389
2381
2351
2324
2283
2231
2171
2123
2073
2015
1960
1917
1878
1848
1816
1807
1796
1799
1791
1807
1817
1837
1852
1881
1899
1919
1933
1955
1967
1971
1979
1989
1982
1941
1963
1962
1955
1949
1926
1919
1909
1895
1878
1877
1869
1865
1850
1849
1853
1861
1866
1886
1917
1958
1997
2063
2129
2191
2251
2317
2359
2403
2416
2428
2415
2398
2355
2315
2260
2197
2137
2085
2021
1966
1909
1876
1835
1805
1783
1775
1771
1775
1780
1803
1819
1844
1862
1885
1908
1927
1938
1955
1965
1966
1961
1964
1961
1949
1935
1927
1915
1902
1884
1879
1861
1847
1837
1836
1827
1827
1818
1819
1821
1832
1843
1879
1913
1957
2019
2089
2159
2223
2283
2341
2382
2395
2397
2395
2374
2339
2283
2233
2173
2109
2036
1983
1919
1875
1851
1785
1759
1735
1716
1711
1719
1735
1743
1765
1789
1819
1836
1867
1885
1909
1916
1932
1933
1939
1929
1932
1915
1913
1897
1886
1879
1853
1843
1835
1819
1807
1799
1799
1789
1785
1779
1787
1798
1815
1833
1882
1935
1993
2056
2131
2196
2255
2297
2333
2357
2363
2343
2323
2287
2237
2173
2119
2059
1995
1928
1881
1833
1787
1750
1733
1709
1709
1703
1710
1723
1738
1757
1789
1812
1829
1847
1876
1892
1901
1909
1927
1928
1925
1909
1909
1896
1884
1865
1855
1846
1831
1818
1812
1805
1797
1781
1783
1781
1783
1784
1801
1832
1869
1912
1977
2038
2118
2180
2249
2298
2345
2365
2381
2361
2341
2293
2246
2185
2111
2039
1977
1910
1853
1797
1757
1721
1693
1673
1675
1674
1687
1693
1723
1755
1783
1803
1836
1861
1877
1899
1907
1915
1919
1914
1917
1914
1908
1887
1879
1867
1854
1837
1831
1815
1809
1788
1785
1774
1772
1764
1773
1781
1810
1837
1891
1947
2009
2079
2156
2223
2282
2329
2361
2376
2375
2340
2313
2264
2206
2133
2076
2007
1941
1875
1831
1787
1755
1720
1707
1705
1707
1711
1727
1753
1773
1791
1819
1847
1875
1890
1913
1929
1939
1939
1945
1933
1935
1917
1911
1900
1880
1868
1855
1845
1828
1815
1818
1803
1789
1787
1797
1805
1824
1845
1895
1949
2013
2083
2157
2235
2299
2352
2399
2421
2425
2406
2379
2340
2285
2217
2151
2087
2013
1943
1891
1833
1797
1756
1739
1720
1720
1720
1741
1759
1787
1815
1849
1879
1901
1927
1951
1971
1981
1983
1991
1983
1973
1958
1948
1933
1911
1887
1879
1863
1848
1829
1828
1821
1816
1804
1811
1815
1821
1837
1867
1913
1967
2026
2101
2183
2255
2317
2376
2409
2431
2426
2415
2380
2336
2279
2217
2147
2080
2009
1949
1893
1839
1787
1759
1739
1717
1708
1717
1733
1751
1772
1807
1833
1867
1885
1917
1944
1961
1963
1981
1981
1979
1964
1957
1946
1931
1908
1893
1878
1867
1844
1837
1831
1823
1813
1817
1812
1817
1819
1837
1853
1898
1943
2007
2074
2155
2224
2299
2359
2407
2427
2443
2428
2394
2356
2311
2249
2185
2107
2039
1967
1901
1831
1785
1743
1711
1683
1673
1677
1683
1693
1717
1752
1785
1815
1847
1883
1903
1917
1945
1947
1959
1951
1956
1941
1933
1909
1902
1884
1874
1849
1845
1831
1814
1802
1801
1790
1781
1775
1781
1775
1772
1775
1800
1821
1864
1919
1981
2057
2136
2204
2279
2339
2381
2397
2403
2392
2355
2302
2248
2186
2120
2039
1971
1907
1848
1787
1743
1707
1688
1663
1671
1656
1683
1701
1735
1755
1787
1817
1851
1881
1903
1919
1944
1957
1949
1946
1945
1932
1919
1891
1889
1863
1846
1816
1812
1797
1785
1766
1763
1757
1757
1751
1752
1758
1765
1769
1783
1817
1849
1897
1963
2037
2121
2194
2267
2327
2379
2402
2421
2403
2381
2331
2282
2221
2147
2074
2009
1939
1867
1805
1763
1722
1691
1662
1659
1659
1681
1677
1707
1737
1768
1789
1833
1863
1886
1901
1929
1942
1945
1941
1940
1930
1917
1897
1881
1868
1853
1831
1820
1805
1800
1775
1779
1765
1759
1751
1752
1749
1753
1748
1762
1775
1791
1829
1883
1947
2015
2098
2183
2259
2316
2363
2403
2412
2409
2367
2335
2283
2219
2142
2075
2005
1932
1839
1800
1747
1701
1658
1640
1624
1623
1622
1635
1662
1691
1719
1763
1799
1837
1865
1900
1915
1937
1938
1942
1933
1928
1909
1898
1880
1855
1834
1821
1807
1785
1771
1768
1757
1751
1741
1741
1749
1751
1748
1755
1766
1781
1799
1837
1885
1947
2013
2094
2173
2253
2315
2361
2402
2409
2403
2379
2336
2281
2207
2147
2071
1999
1919
1864
1797
1747
1693
1669
1641
1624
1621
1634
1643
1661
1682
1723
1757
1784
1816
1849
1879
1895
1907
1929
1934
1931
1915
1911
1900
1887
1863
1852
1839
1821
1799
1787
1781
1773
1759
1757
1763
1762
1755
1758
1765
1784
1803
1839
1885
1951
2015
2103
2181
2259
2319
2366
2397
2403
2389
2361
2315
2259
2191
2125
2054
1971
1896
1835
1775
1720
1673
1645
1627
1619
1612
1629
1651
1675
1737
1737
1765
1813
1835
1869
1899
1920
1931
1943
1949
1946
1932
1929
1909
1893
1869
1861
1831
1819
1799
1788
1779
1771
1759
1759
1757
1757
1752
1765
1785
1807
1849
1913
1982
2065
2150
2235
2313
2379
2420
2451
2456
2443
2405
2362
2301
2231
2153
2075
2003
1929
1854
1803
1753
1715
1677
1659
1657
1659
1669
1695
1727
1765
1798
1848
1876
1913
1943
1976
1996
2012
2018
2023
2019
2011
1991
1981
1960
1935
1913
1899
1885
1862
1839
1835
1823
1814
1807
1805
1812
1817
1832
1868
1910
1967
2031
2119
2201
2283
2347
2403
2450
2469
2463
2447
2407
2359
2287
2227
2150
2078
1996
1929
1863
1805
1749
1719
1691
1671
1663
1676
1691
1711
1742
1781
1816
1846
1883
1918
1947
1967
1977
1997
2003
1999
1980
1977
1965
1947
1914
1911
1897
1891
1855
1843
1835
1829
1815
1813
1815
1814
1812
1827
1839
1877
1917
1989
2058
2142
2221
2300
2364
2421
2452
2471
2469
2439
2393
2345
2281
2207
2127
2063
1981
1911
1844
1801
1755
1719
1687
1679
1677
1683
1693
1721
1751
1781
1814
1852
1893
1927
1963
1975
2004
2022
2016
2019
2015
2005
1983
1971
1955
1939
1912
1900
1879
1867
1844
1839
1819
1815
1805
1811
1813
1819
1844
1895
1951
2020
2101
2189
2277
2355
2411
2467
2500
2510
2488
2471
2425
2367
2295
2228
2155
2084
1996
1935
1870
1817
1764
1727
1705
1691
1682
1688
1709
1737
1765
1807
1839
1883
1915
1955
1975
2004
2011
2028
2027
2023
2014
2015
2003
1977
1959
1947
1929
1907
1890
1880
1867
1854
1839
1843
1838
1840
1840
1868
1893
1931
1995
2043
2126
2203
2274
2347
2408
2454
2475
2486
2479
2456
2405
2351
2283
2216
2137
2071
1991
1928
1855
1811
1763
1727
1703
1693
1688
1689
1703
1735
1759
1785
1822
1865
1896
1915
1943
1964
1976
1979
1975
1977
1968
1951
1932
1929
1909
1893
1869
1851
1837
1829
1805
1801
1789
1781
1771
1769
1778
1787
1807
1847
1896
1965
2038
2131
2204
2287
2347
2405
2429
2454
2446
2427
2389
2327
2265
2202
2126
2045
1967
1907
1844
1783
1725
1695
1671
1647
1637
1647
1661
1685
1719
1748
1784
1821
1851
1887
1913
1939
1950
1963
1973
1971
1961
1947
1937
1919
1891
1877
1847
1829
1804
1789
1771
1763
1741
1743
1743
1736
1735
1749
1763
1784
1829
1891
1959
2039
2123
2211
2291
2355
2403
2439
2452
2443
2408
2373
2315
2247
2169
2091
2015
1941
1863
1803
1751
1709
1659
1637
1627
1627
1624
1646
1669
1702
1735
1775
1813
1853
1887
1919
1940
1959
1965
1972
1972
1962
1944
1933
1911
1891
1880
1853
1835
1813
1803
1797
1784
1775
1764
1765
1763
1763
1759
1786
1821
1870
1927
2001
2086
2167
2247
2317
2378
2415
2429
2438
2420
2386
2329
2271
2200
2125
2040
1973
1893
1831
1765
1721
1659
1655
1639
1642
1653
1672
1687
1721
1753
1781
1817
1853
1882
1901
1904
1913
1903
1898
1867
1848
1821
1785
1749
1723
1695
1673
1645
1627
1612
1595
1575
1565
1559
1548
1532
1545
1555
1583
1624
1695
1773
1877
1975
2100
2199
2295
2366
2427
2457
2459
2441
2411
2361
2293
2222
2155
2079
2002
1928
1875
1819
1773
1736
1717
1708
1707
1707
1737
1765
1791
1823
1865
1903
1939
1959
1983
2002
2011
2012
2013
2011
1998
1980
1971
1949
1931
1903
1895
1871
1863
1839
1835
1819
1816
1803
1804
1801
1799
1803
1823
1853
1893
1944
2007
2066
2105
2140
2172
2187
2197
2184
2181
2163
2135
2092
2059
2007
1951
1891
1833
1779
1728
1675
1640
1611
1579
1545
1525
1519
1525
1524
1545
1551
1565
1565
1576
1563
1554
1517
1497
1453
1407
1351
1295
1237
1172
1123
1095
1065
1045
1034
1039
1043
1049
1063
1097
1125
1151
1173
1177
1159
1107
1020
953
891
853
838
856
887
941
1006
1097
1205
1305
1397
1489
1561
1629
1671
1708
1723
1747
1748
1752
1749
1752
1753
1779
1815
1867
1932
1999
2057
2099
2120
2137
2133
2117
2088
2071
2037
2007
1971
1950
1919
1899
1869
1863
1847
1837
1822
1821
1819
1820
1815
1823
1829
1837
1832
1837
1845
1849
1846
1849
1839
1833
1815
1805
1788
1789
1805
1849
1901
1977
2045
2129
2215
2314
2423
2548
2667
2764
2837
2878
2879
2839
2777
2703
2607
2503
2387
2291
2199
2111
2035
1984
1944
1909
1875
1851
1832
1805
1771
1747
1723
1700
1671
1651
1644
1639
1643
1660
1681
1707
1727
1765
1785
1819
1836
1864
1877
1893
1897
1911
1911
1903
1897
1898
1887
1869
1849
1835
1819
1797
1772
1771
1769
1775
1779
1799
1811
1823
1827
1838
1838
1832
1811
1800
1779
1757
1733
1712
1705
1701
1694
1703
1709
1735
1747
1779
1807
1843
1869
1907
1941
1976
2005
2039
2068
2083
2091
2109
2109
2105
2104
2107
2103
2092
2087
2085
2079
2075
2056
2065
2059
2056
2039
2045
2045
2046
2045
2057
2068
2080
2080
2099
2131
2169
2219
2296
2399
2515
2639
2771
2886
2996
3064
3123
3127
3113
3048
2975
2873
2776
2652
2539
2421
2303
2189
2095
2008
1931
1864
1827
1801
1783
1781
1805
1831
1861
1887
1932
1967
2003
2020
2041
2060
2067
2067
2063
2063
2043
2031
2019
2012
1997
1989
1977
1978
1977
1967
1975
1980
1983
1991
2003
2011
2024
2032
2065
2089
2133
2197
2279
2365
2469
2571
2672
2771
2845
2908
2959
2975
2983
2954
2923
2871
2809
2729
2665
2585
2504
2414
2350
2287
2229
2182
2153
2133
2125
2122
2135
2155
2181
2203
2238
2265
2301
2323
2347
2355
2375
2377
2387
2385
2381
2367
2365
2355
2331
2313
2295
2275
2237
2205
2181
2148
2107
2073
2045
2015
1994
1964
1967
1976
1995
2025
2079
2129
2185
2237
2291
2339
2376
2391
2403
2399
2382
2349
2312
2267
2219
2163
2118
2059
2007
1958
1915
1877
1847
1814
1802
1779
1775
1767
1771
1773
1775
1785
1799
1804
1812
1819
1830
1831
1827
1812
1806
1789
1773
1747
1735
1711
1688
1659
1654
1647
1643
1637
1636
1639
1641
1642
1653
1679
1715
1759
1823
1909
1996
2087
2175
2249
2317
2357
2392
2394
2381
2329
2275
2201
2107
2007
1911
1812
1705
1615
1544
1471
1417
1373
1359
1359
1369
1390
1433
1479
1523
1571
1626
1676
1723
1764
1811
1845
1874
1886
1900
1895
1879
1845
1813
1775
1720
1657
1607
1531
1461
1394
1349
1295
1267
1245
1243
1247
1277
1309
1357
1403
1443
1472
1503
1517
1517
1527
1551
1576
1609
1643
1687
1718
1741
1748
1758
1765
1759
1749
1737
1712
1691
1660
1645
1636
1623
1607
1607
1605
1607
1599
1617
1625
1637
1637
1651
1653
1663
1669
1677
1678
1689
1689
1701
1705
1718
1720
1737
1747
1752
1757
1775
1789
1804
1831
1869
1908
1965
2007
2073
2130
2195
2246
2309
2358
2395
2395
2391
2351
2295
2221
2155
2085
2006
1935
1867
1810
1752
1693
1647
1619
1593
1579
1579
1579
1592
1606
1629
1647
1678
1705
1747
1799
1837
1909
1995
2085
2181
2270
2357
2423
2469
2492
2508
2505
2491
2459
2443
2413
2387
2356
2332
2315
2299
2282
2291
2296
2317
2342
2388
2440
2494
2549
2604
2661
2699
2723
2742
2725
2707
2661
2615
2549
2479
2397
2329
2251
2185
2105
2043
1981
1925
1871
1835
1805
1767
1749
1739
1741
1747
1754
1775
1791
1813
1829
1862
1885
1903
1918
1949
1966
1977
1978
1982
1981
1967
1944
1927
1903
1883
1853
1831
1818
1806
1801
1819
1845
1895
1950
2027
2101
2173
2235
2297
2340
2365
2364
2357
2328
2282
2223
2169
2103
2027
1962
1903
1844
1801
1738
1705
1675
1652
1637
1641
1654
1673
1692
1737
1767
1815
1849
1892
1931
1960
1980
1999
2019
2023
2011
2005
1989
1963
1935
1911
1873
1839
1792
1765
1723
1700
1673
1656
1672
1671
1707
1759
1827
1911
2002
2103
2199
2269
2333
2383
2407
2405
2382
2357
2311
2251
2183
2116
2037
1959
1879
1816
1753
1695
1643
1611
1591
1579
1576
1581
1608
1635
1657
1709
1733
1764
1779
1801
1805
1813
1811
1821
1821
1833
1834
1847
1849
1845
1839
1843
1837
1823
1819
1821
1820
1829
1848
1895
1954
2025
2104
2200
2285
2366
2425
2483
2509
2520
2489
2460
2415
2356
2283
2213
2143
2073
1992
1932
1875
1820
1771
1748
1719
1709
1701
1718
1733
1757
1783
1819
1852
1895
1927
1959
1989
2005
2012
2021
2021
2006
1996
1989
1973
1965
1935
1929
1912
1901
1881
1876
1865
1853
1843
1851
1867
1897
1941
2005
2087
2165
2249
2325
2391
2445
2469
2475
2471
2439
2387
2333
2263
2199
2119
2055
1977
1917
1855
1817
1783
1740
1718
1709
1705
1705
1710
1739
1763
1779
1817
1852
1887
1917
1935
1965
1977
1990
1989
1989
1982
1971
1947
1941
1927
1903
1883
1873
1855
1839
1819
1805
1798
1787
1780
1786
1811
1843
1895
1963
2037
2123
2197
2274
2331
2379
2404
2413
2403
2373
2331
2283
2228
2163
2096
2039
1978
1913
1865
1821
1783
1751
1723
1720
1715
1721
1726
1756
1786
1819
1843
1879
1912
1931
1939
1955
1951
1947
1935
1917
1908
1894
1870
1851
1828
1812
1786
1775
1754
1746
1719
1707
1700
1696
1691
1705
1720
1743
1782
1839
1903
1973
2053
2132
2195
2239
2287
2325
2333
2329
2299
2271
2227
2170
2101
2041
1975
1909
1836
1781
1737
1694
1659
1636
1635
1637
1641
1663
1693
1726
1757
1791
1824
1861
1884
1912
1925
1945
1947
1957
1946
1949
1947
1943
1927
1907
1887
1877
1853
1835
1823
1817
1810
1805
1791
1805
1817
1837
1870
1919
1995
2059
2131
2211
2281
2347
2391
2422
2443
2437
2407
2373
2325
2267
2195
2131
2061
1993
1918
1869
1815
1769
1734
1711
1687
1679
1672
1687
1691
1705
1722
1751
1775
1791
1815
1836
1850
1865
1871
1881
1887
1891
1885
1890
1881
1875
1855
1855
1846
1833
1807
1809
1804
1797
1784
1779
1769
1799
1813
1843
1896
1956
2015
2092
2159
2229
2280
2330
2349
2363
2359
2343
2301
2263
2201
2150
2087
2019
1939
1893
1833
1781
1737
1705
1677
1645
1638
1640
1644
1653
1653
1677
1689
1703
1703
1723
1727
1737
1736
1739
1741
1741
1737
1739
1741
1749
1748
1755
1765
1775
1781
1803
1814
1835
1847
1865
1869
1883
1885
1896
1895
1915
1940
1979
2027
2091
2147
2213
2271
2315
2352
2382
2392
2389
2363
2346
2312
2275
2219
2175
2129
2077
2017
1975
1937
1895
1852
1832
1819
1804
1791
1797
1812
1815
1823
1835
1864
1885
1899
1919
1932
1941
1944
1947
1940
1935
1915
1911
1896
1879
1864
1852
1839
1827
1819
1817
1812
1807
1806
1811
1816
1823
1829
1851
1884
1929
1977
2041
2109
2173
2226
2281
2325
2341
2341
2328
2303
2265
2206
2152
2093
2025
1955
1897
1833
1785
1725
1693
1658
1643
1625
1631
1635
1651
1677
1711
1747
1782
1829
1915
2217
3451
4039
4045
4047
4044
4044
4051
4053
4051
4046
4051
4053
4051
4043
4051
4053
4053
4042
4051
4051
4054
4047
4056
4050
4052
4045
4047
4054
4053
4049
4052
4051
4052
4044
4052
4047
4051
4046
4051
4049
4047
4045
4051
4051
4047
4050
4051
4049
4047
4043
4047
4047
4053
4039
4046
4040
4055
4043
4045
4043
4049
4041
4047
4045
4047
4043
4051
4051
4045
4041
4041
4043
4047
4041
4043
4025
4051
4039
4045
4042
4043
4038
4043
4044
4040
4039
4044
4043
4042
4024
3405
2987
2645
2339
2103
1902
1751
1646
1589
1560
1560
1575
1619
1663
1720
1772
1829
1885
1931
1961
2005
2030
2056
2067
2075
2079
2077
2072
2069
2066
2059
2041
2039
2029
2030
2021
2024
2015
2021
2014
2019
2019
2023
2022
2030
2035
2035
2039
2056
2063
2067
2063
2072
2079
2065
2073
2073
2071
2067
2053
2047
2039
2029
2020
2010
1999
1994
1983
1982
1983
1989
1983
1991
1995
1997
1995
1995
1997
1997
1994
1997
1991
1992
1983
1989
1983
1981
1980
1993
1978
1991
1988
1995
1996
1990
1990
1991
1989
1981
1977
1983
1983
1989
1979
1983
1984
1983
1979
1983
1988
1989
1982
1988
1991
1990
1980
1988
1983
1983
1979
1977
1979
1980
1977
1967
1975
1979
1977
1977
1971
1975
1974
1974
1975
1977
1979
1979
1981
1977
1974
1977
1975
1967
1965
1973
1973
1967
1965
1975
1975
1976
1967
1976
1975
1975
1967
1972
1971
1967
1959
1963
1967
1966
1960
1963
1964
1975
1961
1963
1967
1967
1965
1967
1966
1975
1967
1973
1968
1975
1967
1975
1973
1976
1975
1981
1981
1977
1972
1977
1975
1965
1960
1967
1967
1960
1964
1965
1965
1965
1959
1967
1967
1976
1963
1971
1968
1975
1967
1973
1975
1975
1967
1968
1973
1977
1965
1971
1973
1971
1968
1974
1964
1972
1963
1967
1965
1967
1966
1967
1963
1971
1973
1977
1979
1975
1971
1973
1967
1963
1958
1962
1963
1963
1959
1963
1967
1965
1959
1964
1966
1965
1963
1965
1967
1966
1960
1960
1961
1960
1958
1960
1962
1963
1965
1960
1971
1971
1967
1975
1967
1973
1967
1973
1971
1972
1965
1967
1965
1964
1966
1975
1977
1980
1980
1993
1993
1983
1982
1989
1989
1983
1976
1975
1974
1975
1963
1964
1967
1970
1963
1961
1964
1965
1959
1959
1961
1961
1957
1952
1955
1950
1943
1947
1945
1949
1950
1963
1967
1981
1991
2005
2013
2025
2035
2045
2059
2059
2067
2071
2073
2056
2019
1973
1907
1823
1737
1635
1507
1385
1305
1303
1366
1485
1627
1783
1935
2063
2151
2213
2233
2216
2140
2028
1867
1661
1407
1143
868
633
494
507
659
916
1228
1545
1807
1993
2072
2077
2025
1981
1957
1955
1947
1912
1823
1652
1351
937
444
0
0
0
0
0
0
0
0
0
0
0
0
0
0
0
0
0
0
0
0
0
0
0
0
0
0
0
0
0
0
0
0
0
0
0
0
0
0
0
0
0
0
0
0
0
0
0
0
0
0
0
0
0
0
0
0
0
0
0
0
0
0
0
0
0
0
0
0
0
0
0
375
711
1003
1263
1470
1643
1763
1853
1894
1925
1927
1917
1897
1876
1847
1811
1775
1752
1723
1690
1663
1647
1631
1599
1592
1583
1573
1561
1544
1544
1533
1524
1511
1511
1506
1513
1501
1507
1514
1518
1524
1543
1574
1605
1652
1721
1804
1893
1977
2063
2127
2173
2201
2213
2194
2159
2103
2037
1956
1879
1800
1721
1646
1579
1522
1487
1452
1427
1415
1415
1425
1437
1450
1491
1517
1559
1589
1631
1675
1709
1738
1771
1805
1823
1837
1849
1851
1849
1835
1829
1817
1799
1769
1751
1727
1710
1689
1677
1656
1651
1630
1631
1627
1631
1636
1669
1699
1747
1815
1911
2011
2111
2217
2315
2383
2425
2445
2443
2407
2349
2278
2207
2121
2041
1939
1865
1784
1721
1677
1625
1607
1597
1595
1625
1656
1703
1749
1806
1871
1925
1967
2013
2045
2089
2102
2123
2124
2131
2120
2116
2103
2093
2077
2067
2043
2025
2002
1991
1973
1952
1939
1933
1919
1911
1896
1899
1899
1907
1930
1971
2024
2091
2157
2235
2311
2367
2409
2447
2460
2457
2431
2397
2355
2293
2223
2157
2090
2024
1955
1899
1843
1805
1765
1747
1724
1724
1725
1743
1759
1788
1815
1849
1883
1909
1932
1959
1975
1977
1989
1995
1991
1981
1971
1963
1947
1933
1904
1897
1881
1867
1850
1845
1839
1837
1827
1833
1833
1833
1833
1843
1865
1891
1941
1993
2071
2150
2219
2294
2347
2395
2421
2431
2423
2399
2347
2300
2239
2168
2094
2027
1959
1893
1831
1787
1751
1723
1691
1689
1689
1693
1701
1727
1759
1799
1829
1877
1911
1949
1981
1998
2021
2028
2027
2029
2027
2023
2005
1993
1981
1967
1951
1943
1929
1927
1911
1909
1894
1890
1876
1871
1863
1863
1865
1891
1929
1983
2059
2143
2233
2313
2390
2457
2505
2525
2536
2535
2509
2464
2403
2347
2279
2201
2121
2054
1976
1912
1847
1803
1767
1740
1717
1715
1725
1743
1763
1797
1833
1877
1915
1959
1991
2023
2045
2075
2083
2093
2088
2087
2076
2065
2043
2027
2008
1979
1951
1939
1915
1895
1879
1868
1856
1848
1836
1837
1833
1839
1853
1896
1950
2015
2089
2171
2253
2329
2388
2444
2473
2487
2471
2445
2408
2347
2278
2212
2135
2065
1982
1919
1850
1791
1738
1703
1671
1653
1639
1647
1657
1675
1695
1727
1761
1791
1823
1865
1893
1913
1930
1949
1963
1965
1957
1955
1946
1929
1902
1893
1875
1855
1829
1821
1815
1805
1788
1785
1783
1781
1779
1784
1811
1839
1890
1960
2031
2123
2204
2292
2355
2415
2453
2472
2464
2444
2404
2358
2293
2215
2135
2067
1983
1908
1839
1785
1735
1693
1657
1645
1641
1647
1655
1684
1715
1748
1775
1823
1863
1899
1925
1949
1977
1991
1991
1991
1983
1978
1959
1945
1929
1912
1887
1875
1855
1843
1827
1817
1801
1803
1789
1797
1787
1797
1811
1835
1887
1947
2019
2107
2195
2275
2347
2412
2459
2484
2479
2475
2453
2397
2332
2271
2199
2123
2035
1963
1897
1834
1771
1737
1707
1687
1670
1671
1681
1695
1718
1751
1784
1829
1856
1898
1925
1949
1967
1983
1982
1992
1981
1975
1961
1940
1919
1911
1891
1865
1846
1833
1818
1806
1787
1784
1780
1773
1767
1783
1805
1835
1877
1948
2024
2111
2183
2277
2355
2412
2453
2477
2485
2472
2429
2383
2331
2261
2184
2111
2027
1952
1881
1828
1767
1723
1684
1661
1645
1646
1653
1676
1703
1735
1767
1811
1847
1877
1909
1939
1957
1961
1966
1975
1975
1963
1946
1940
1927
1904
1881
1868
1851
1836
1816
1806
1797
1787
1773
1771
1774
1780
1791
1824
1877
1945
2013
2102
2187
2271
2345
2409
2447
2472
2471
2461
2423
2376
2315
2251
2173
2095
2009
1943
1867
1803
1742
1703
1673
1647
1629
1635
1643
1660
1679
1721
1757
1799
1829
1867
1897
1919
1935
1951
1961
1964
1955
1943
1933
1916
1893
1877
1853
1839
1815
1803
1785
1769
1765
1763
1751
1752
1749
1765
1783
1812
1853
1918
1995
2075
2163
2254
2329
2391
2439
2475
2479
2469
2425
2387
2323
2252
2159
2092
2011
1934
1847
1801
1749
1704
1659
1643
1631
1635
1638
1658
1687
1721
1752
1797
1829
1865
1894
1927
1941
1960
1961
1970
1963
1958
1941
1931
1912
1890
1867
1849
1831
1811
1791
1783
1772
1757
1747
1753
1755
1759
1763
1789
1823
1871
1933
2013
2101
2195
2277
2357
2427
2479
2507
2510
2503
2469
2409
2347
2275
2195
2109
2025
1943
1874
1801
1751
1689
1662
1635
1629
1626
1641
1661
1695
1737
1773
1819
1868
1907
1940
1963
1991
2003
2009
1997
1996
1981
1965
1937
1919
1899
1875
1850
1835
1822
1813
1797
1791
1787
1787
1781
1783
1791
1803
1817
1847
1892
1957
2025
2117
2196
2281
2357
2425
2472
2503
2504
2495
2461
2411
2345
2279
2205
2126
2039
1967
1895
1831
1774
1738
1708
1689
1675
1681
1691
1705
1719
1757
1789
1823
1843
1883
1913
1941
1946
1960
1964
1964
1955
1945
1938
1919
1903
1893
1875
1864
1845
1831
1813
1804
1791
1797
1785
1784
1779
1788
1801
1817
1853
1913
1982
2063
2151
2245
2331
2395
2455
2495
2515
2515
2479
2443
2388
2313
2223
2151
2067
1983
1899
1831
1775
1725
1675
1648
1639
1635
1631
1651
1683
1709
1741
1779
1816
1855
1885
1916
1935
1957
1960
1971
1959
1957
1947
1939
1919
1901
1877
1865
1846
1821
1806
1797
1783
1765
1753
1755
1751
1751
1742
1757
1779
1811
1854
1925
2008
2103
2194
2284
2372
2443
2488
2521
2532
2522
2478
2423
2366
2297
2212
2137
2042
1966
1885
1820
1761
1715
1674
1651
1639
1638
1637
1675
1701
1727
1769
1817
1852
1883
1912
1944
1965
1977
1976
1978
1973
1959
1935
1925
1901
1880
1845
1830
1823
1811
1788
1779
1771
1767
1757
1753
1756
1756
1757
1736
1787
1823
1868
1939
2011
2103
2189
2282
2357
2425
2475
2515
2522
2510
2469
2425
2361
2283
2199
2118
2029
1939
1867
1804
1741
1689
1643
1624
1612
1604
1604
1621
1642
1673
1702
1737
1771
1804
1830
1853
1876
1893
1893
1897
1895
1887
1878
1869
1851
1843
1821
1815
1791
1785
1771
1767
1747
1751
1743
1742
1741
1743
1746
1752
1765
1783
1823
1883
1963
2027
2120
2211
2287
2359
2404
2451
2461
2453
2415
2375
2313
2239
2152
2075
1992
1907
1830
1757
1707
1656
1613
1579
1577
1584
1587
1617
1639
1679
1712
1764
1803
1845
1875
1911
1929
1941
1942
1946
1941
1917
1902
1891
1870
1842
1817
1801
1784
1765
1741
1737
1720
1716
1704
1709
1707
1711
1704
1723
1749
1775
1814
1874
1947
2029
2120
2207
2291
2360
2406
2443
2453
2447
2409
2367
2298
2231
2147
2071
1984
1909
1832
1771
1715
1661
1629
1612
1599
1595
1607
1631
1663
1689
1741
1789
1833
1875
1901
1939
1963
1975
1975
1979
1971
1963
1939
1915
1903
1879
1852
1837
1820
1805
1781
1770
1757
1756
1749
1751
1753
1755
1763
1783
1811
1861
1913
1997
2069
2165
2255
2339
2407
2453
2479
2493
2482
2446
2392
2335
2263
2183
2094
2013
1935
1863
1784
1727
1687
1645
1615
1608
1606
1611
1619
1645
1674
1707
1739
1771
1812
1837
1861
1870
1895
1909
1908
1913
1901
1902
1881
1875
1848
1835
1813
1801
1781
1765
1749
1741
1737
1724
1723
1737
1739
1749
1771
1817
1875
1948
2029
2131
2227
2316
2392
2461
2507
2531
2521
2507
2469
2411
2333
2265
2181
2095
1997
1919
1848
1779
1712
1674
1636
1619
1605
1619
1629
1661
1694
1741
1781
1827
1865
1903
1933
1951
1967
1984
1983
1976
1964
1955
1941
1898
1871
1849
1817
1781
1743
1717
1687
1657
1628
1620
1607
1607
1598
1597
1625
1651
1691
1749
1831
1926
2028
2146
2259
2361
2441
2509
2543
2565
2541
2511
2453
2382
2293
2205
2101
2012
1918
1839
1771
1704
1655
1628
1609
1597
1607
1627
1659
1692
1725
1774
1821
1864
1891
1931
1957
1967
1967
1973
1967
1963
1942
1927
1912
1891
1865
1845
1835
1815
1790
1771
1769
1768
1757
1764
1755
1759
1762
1767
1767
1789
1815
1864
1915
1989
2073
2167
2259
2336
2409
2463
2493
2501
2487
2457
2401
2333
2240
2163
2076
1982
1887
1817
1746
1683
1621
1589
1567
1557
1553
1561
1583
1613
1643
1689
1739
1783
1826
1869
1897
1927
1939
1949
1941
1933
1900
1899
1875
1853
1830
1813
1787
1770
1747
1740
1725
1716
1707
1709
1707
1691
1702
1715
1721
1735
1753
1797
1855
1929
2009
2108
2205
2294
2365
2426
2467
2485
2473
2447
2406
2343
2261
2183
2095
2009
1915
1839
1768
1707
1645
1611
1578
1561
1555
1567
1573
1613
1647
1695
1742
1788
1828
1874
1907
1930
1951
1967
1972
1973
1963
1957
1941
1919
1892
1879
1851
1830
1804
1789
1775
1768
1753
1755
1749
1749
1743
1741
1755
1771
1798
1833
1903
1983
2075
2171
2261
2349
2421
2477
2508
2526
2507
2483
2431
2360
2281
2204
2122
2029
1950
1880
1815
1756
1715
1682
1656
1643
1638
1647
1671
1695
1720
1766
1811
1847
1877
1915
1947
1967
1973
1978
1979
1971
1951
1939
1912
1899
1875
1853
1832
1815
1791
1787
1769
1765
1755
1755
1752
1759
1759
1779
1805
1843
1899
1979
2075
2167
2269
2363
2445
2509
2547
2582
2575
2547
2493
2440
2360
2269
2164
2077
1979
1890
1810
1739
1683
1641
1605
1590
1593
1607
1621
1655
1699
1745
1784
1834
1876
1925
1944
1972
1984
1997
1991
1989
1973
1951
1932
1913
1893
1863
1836
1821
1801
1779
1765
1758
1751
1745
1737
1748
1753
1767
1786
1836
1899
1977
2071
2175
2281
2391
2471
2549
2603
2631
2628
2607
2569
2505
2423
2349
2251
2159
2063
1981
1893
1828
1759
1708
1670
1645
1627
1636
1643
1661
1690
1728
1773
1813
1853
1899
1937
1964
1983
2002
2015
2014
2003
1996
1983
1965
1940
1919
1899
1879
1849
1835
1823
1807
1788
1787
1781
1775
1773
1775
1791
1821
1864
1931
2011
2111
2217
2327
2425
2518
2588
2643
2661
2661
2632
2586
2519
2439
2345
2259
2163
2059
1967
1891
1816
1752
1692
1660
1641
1625
1619
1634
1656
1685
1711
1757
1800
1839
1876
1907
1941
1959
1965
1973
1977
1971
1960
1949
1943
1919
1896
1877
1847
1829
1805
1792
1773
1767
1752
1753
1751
1747
1741
1751
1762
1781
1820
1885
1963
2057
2157
2269
2373
2460
2525
2587
2607
2603
2572
2524
2459
2381
2285
2196
2103
2005
1907
1829
1755
1695
1639
1607
1589
1581
1579
1597
1623
1658
1695
1741
1778
1820
1852
1889
1911
1934
1944
1955
1952
1945
1932
1926
1907
1882
1861
1839
1821
1800
1779
1769
1763
1752
1739
1736
1735
1733
1721
1737
1741
1753
1769
1819
1887
1966
2059
2159
2267
2365
2447
2511
2556
2583
2573
2541
2487
2421
2335
2249
2150
2063
1957
1881
1789
1733
1663
1629
1598
1583
1572
1588
1603
1624
1661
1707
1753
1803
1837
1887
1917
1945
1957
1973
1976
1973
1951
1943
1925
1900
1876
1851
1833
1817
1789
1773
1768
1759
1749
1743
1741
1739
1738
1741
1751
1757
1773
1813
1861
1934
2014
2123
2227
2317
2409
2489
2555
2585
2595
2588
2552
2491
2415
2343
2249
2153
2056
1971
1884
1805
1737
1685
1641
1611
1587
1588
1597
1613
1635
1673
1717
1769
1811
1851
1896
1929
1947
1970
1974
1977
1966
1964
1947
1933
1907
1883
1862
1847
1823
1813
1804
1785
1774
1775
1771
1759
1757
1759
1764
1765
1775
1817
1865
1933
2013
2115
2221
2323
2411
2493
2555
2595
2597
2587
2547
2492
2412
2331
2236
2141
2031
1939
1849
1769
1684
1643
1595
1579
1564
1575
1583
1623
1651
1695
1739
1785
1831
1880
1915
1943
1965
1991
1994
1994
1983
1975
1965
1947
