789
692
619
564
523
493
469
456
450
451
453
459
465
470
475
480
487
495
499
507
512
519
522
527
535
539
543
543
540
536
529
521
515
508
499
491
480
469
464
461
459
458
457
457
458
460
459
459
462
464
465
467
469
469
469
469
470
471
471
471
472
472
474
473
477
481
480
478
478
476
473
472
472
473
472
472
474
477
486
500
524
555
593
638
682
724
760
787
809
815
812
797
779
749
712
675
641
606
576
549
527
508
491
483
478
479
481
484
493
499
506
514
525
539
545
553
556
557
557
552
547
541
534
526
517
508
498
491
486
481
475
474
471
470
470
471
473
474
476
477
478
479
480
480
483
486
488
488
489
487
484
483
482
482
481
481
482
481
483
484
490
499
514
537
567
603
643
683
723
760
786
807
812
810
794
773
747
714
678
642
609
577
546
522
504
489
479
471
469
469
470
474
481
490
500
508
519
526
537
544
548
552
552
549
546
539
531
520
515
507
496
488
480
470
466
463
462
462
463
465
465
467
467
468
472
474
479
479
480
480
477
480
479
481
482
481
482
482
482
481
483
486
489
495
504
517
539
567
604
642
679
717
749
772
789
790
787
773
751
724
692
658
624
592
567
544
525
509
498
490
483
481
483
487
495
501
508
516
524
532
542
549
555
557
560
556
552
544
538
531
520
510
501
492
483
479
479
479
479
478
477
476
474
473
481
483
487
489
491
494
494
494
495
493
493
489
486
484
478
479
479
478
478
477
480
484
492
510
532
563
598
638
678
715
745
767
782
787
777
759
733
701
664
629
601
573
549
530
513
501
492
486
487
490
496
504
509
516
524
531
538
545
551
554
559
559
556
552
548
543
536
528
520
511
503
493
487
482
477
474
472
471
471
472
480
481
482
485
487
488
490
489
489
491
494
498
496
496
493
493
494
491
491
493
499
511
524
544
574
606
640
673
705
731
750
761
762
756
743
720
696
667
639
612
586
565
543
526
513
501
492
486
485
488
494
500
507
516
525
533
542
547
551
553
553
551
544
540
533
527
520
511
503
496
490
485
481
480
480
478
477
478
478
480
482
481
486
491
493
496
498
501
504
507
507
508
508
509
514
519
534
555
578
610
645
682
718
748
775
790
798
792
779
762
736
709
682
654
630
606
586
570
554
545
538
533
529
523
519
516
515
516
518
525
529
534
537
541
542
543
545
544
539
535
530
524
518
510
507
501
497
493
487
485
482
479
481
481
482
484
487
488
488
492
496
500
503
501
504
503
501
498
497
497
496
494
497
502
512
529
557
587
621
660
697
730
756
773
783
781
771
752
730
705
680
650
630
609
593
576
563
550
537
528
522
515
510
504
501
498
498
499
503
509
516
519
523
524
523
522
517
514
507
503
498
491
486
479
478
477
474
471
471
472
471
469
472
471
473
474
474
473
474
476
481
481
481
483
483
485
483
482
484
485
483
481
481
479
479
485
494
507
528
556
591
628
665
700
732
754
766
770
763
749
728
702
677
653
627
606
584
564
548
535
528
520
516
511
509
507
506
507
513
521
528
534
539
542
541
541
541
539
535
530
525
520
514
510
505
504
499
495
493
491
489
488
488
489
487
489
488
486
481
480
485
488
490
492
491
490
489
487
488
486
486
485
484
484
481
479
482
482
484
482
484
487
488
491
498
512
532
560
592
629
668
705
737
764
779
785
782
770
751
728
704
681
656
636
618
606
590
580
574
569
565
561
555
552
547
546
546
546
548
549
551
556
553
553
553
553
549
541
533
524
512
503
495
490
484
478
477
475
474
474
477
481
483
488
490
490
493
494
496
498
498
500
498
497
495
493
494
492
493
492
490
488
483
481
479
478
479
478
479
480
485
498
516
543
576
613
650
689
723
750
770
783
784
778
764
740
715
686
661
635
610
590
570
554
541
528
521
516
512
510
507
509
511
516
525
532
539
545
550
551
548
547
544
538
533
525
520
513
505
495
490
487
485
481
480
477
479
479
477
477
477
480
480
481
480
480
484
485
487
489
489
490
489
487
486
486
487
488
487
488
487
488
491
492
492
490
490
492
491
496
511
531
559
589
624
658
691
722
744
756
763
759
747
726
700
670
642
614
585
562
541
524
510
498
492
488
488
492
494
498
503
510
520
529
536
544
548
552
550
546
544
540
537
529
524
515
505
496
490
484
479
477
475
473
473
472
475
479
480
481
482
482
483
484
486
489
491
491
492
492
492
490
493
493
494
496
496
495
495
493
497
496
495
496
496
500
504
516
539
567
600
634
673
707
735
756
769
773
766
752
731
705
677
644
613
587
559
535
517
500
485
474
472
470
474
479
485
493
502
509
519
530
542
549
551
555
553
550
545
538
532
523
515
507
498
490
485
481
478
475
475
475
473
471
474
476
479
480
480
480
479
480
483
488
487
487
488
487
484
482
481
480
480
480
481
482
485
486
488
488
492
498
509
526
549
578
614
650
686
716
745
764
773
771
765
750
726
698
667
634
603
574
551
531
515
503
495
490
485
485
489
495
502
510
518
528
539
545
553
559
562
567
566
563
558
549
544
535
528
517
508
498
489
481
476
472
471
470
471
471
470
470
474
481
484
487
493
495
498
500
502
504
504
505
505
505
504
501
502
505
504
505
509
516
530
550
578
611
646
678
707
731
743
749
749
740
724
702
674
646
615
587
562
540
520
504
490
478
470
469
473
480
486
495
507
517
527
537
549
557
561
562
561
557
551
541
535
525
514
508
497
492
486
480
478
476
475
475
477
478
477
479
483
486
489
490
491
491
489
489
489
489
491
490
490
489
487
489
496
505
521
545
578
618
661
706
752
790
819
837
842
835
817
794
767
735
700
666
634
605
581
562
550
538
531
526
523
521
519
520
522
526
529
532
536
539
539
539
538
537
536
533
530
521
512
503
499
497
488
482
478
474
472
468
471
474
475
476
476
478
479
479
483
484
487
489
490
489
487
487
488
487
488
487
488
491
494
503
516
537
572
609
654
697
744
784
817
842
850
849
837
816
790
757
726
695
663
637
612
591
572
556
547
538
531
525
519
518
515
514
520
523
529
533
538
544
543
544
541
538
534
526
520
512
505
497
492
488
483
480
479
476
475
476
479
481
481
485
489
490
491
492
498
500
499
501
499
496
494
491
491
489
488
486
482
483
487
501
520
550
587
630
680
732
780
821
852
871
876
870
852
825
788
752
715
680
649
623
598
578
562
547
539
532
524
519
515
516
518
518
525
534
543
552
557
561
562
562
560
553
546
539
529
519
507
497
490
485
480
474
473
471
470
470
471
474
477
478
483
482
482
481
484
487
488
490
491
491
491
489
491
490
491
491
488
486
487
484
488
491
499
511
531
566
609
661
719
776
829
868
896
908
905
891
865
831
793
751
711
672
637
605
582
563
548
535
528
520
514
512
516
524
530
540
550
559
568
574
578
580
580
575
568
560
551
540
529
517
509
499
489
478
469
465
463
461
461
460
461
461
463
464
468
473
477
481
480
481
480
479
482
482
483
483
484
482
482
480
482
483
481
479
479
480
479
482
493
509
535
576
626
685
745
805
857
899
925
935
930
909
875
835
790
745
699
656
617
584
554
533
517
507
499
495
493
494
499
506
515
527
538
551
560
566
569
570
571
568
561
553
540
527
514
500
487
477
469
463
457
456
451
448
451
452
458
457
463
464
464
467
470
473
474
474
476
478
481
480
481
481
480
483
484
483
483
485
493
506
525
556
596
647
704
759
817
865
899
918
921
910
885
850
810
764
717
670
628
589
553
525
504
487
477
471
473
479
486
500
510
523
539
556
570
579
586
588
586
584
574
566
554
539
524
507
495
485
473
464
459
456
455
451
453
454
456
459
460
463
464
467
469
470
471
471
473
475
474
476
479
480
482
480
485
493
508
537
579
637
703
776
853
916
968
979
979
980
980
979
979
938
888
833
782
738
698
662
630
607
584
565
553
542
536
531
527
529
529
534
541
549
558
565
571
577
577
576
572
567
557
544
531
516
501
487
477
469
461
457
453
448
445
441
443
446
446
448
449
452
453
454
458
459
461
465
464
464
461
460
465
467
474
484
505
536
585
648
722
801
877
942
980
980
980
980
979
979
951
893
837
778
722
670
626
586
555
532
513
500
490
481
483
486
492
499
509
520
531
540
548
556
563
561
557
551
540
528
513
500
486
473
461
454
443
432
425
421
417
415
415
416
423
427
432
435
438
443
451
452
451
444
439
435
436
441
443
447
451
449
451
450
449
452
455
463
476
500
540
596
668
751
834
911
973
980
980
980
979
980
980
949
888
820
753
693
638
585
544
507
478
457
447
447
444
445
450
457
467
476
492
505
513
523
529
533
535
530
527
517
505
492
475
460
445
431
422
411
404
397
394
392
389
390
393
397
403
405
410
411
413
418
421
426
428
430
433
434
435
433
436
441
441
441
442
440
436
433
435
434
433
435
440
452
474
511
567
638
719
801
881
953
980
979
980
979
980
980
960
899
826
756
689
626
572
521
480
447
427
415
407
410
412
419
433
445
457
471
489
505
514
523
530
532
529
520
513
500
484
470
455
445
434
425
422
414
411
406
403
405
401
400
402
403
409
409
413
416
417
418
421
427
431
432
436
436
436
437
439
440
441
443
444
443
442
438
439
443
442
443
448
461
480
508
552
612
683
761
837
907
959
979
979
980
979
963
917
858
792
726
664
606
557
513
477
448
431
423
418
421
424
432
447
459
473
488
502
517
527
537
543
545
544
533
522
511
496
482
463
450
436
424
417
410
404
400
397
402
399
402
407
411
417
419
424
425
426
428
430
436
438
440
439
439
439
438
438
441
440
440
443
443
444
441
441
442
447
461
480
511
555
611
686
762
840
908
960
980
980
980
980
959
910
848
784
719
656
601
554
515
483
455
441
432
428
425
427
435
444
453
467
478
489
499
512
522
527
535
536
533
524
511
501
486
471
458
443
433
424
414
411
407
407
406
405
408
406
407
411
413
414
418
424
426
427
431
435
438
439
439
443
443
442
441
441
442
442
442
443
441
440
437
440
442
444
449
460
481
508
547
605
669
741
812
873
924
955
970
971
948
914
863
805
745
682
624
572
528
493
463
446
433
423
419
422
430
438
447
460
467
475
486
497
508
513
518
519
518
515
509
506
499
486
475
463
456
448
438
433
429
426
424
422
427
425
413
409
405
423
444
459
472
478
484
489
490
490
487
486
481
476
475
473
471
469
465
465
456
452
452
449
449
445
446
450
458
477
502
541
594
655
724
790
851
900
931
949
946
925
891
844
790
730
673
617
566
525
485
456
435
420
413
411
414
420
428
441
451
467
484
497
512
522
529
535
536
533
526
519
511
499
486
473
461
453
442
438
433
430
429
426
424
423
423
424
425
428
429
429
430
426
426
427
427
429
428
430
432
434
437
441
447
452
458
464
468
472
477
486
493
501
509
522
540
565
597
638
683
734
787
834
874
900
910
913
895
866
826
779
731
678
630
584
543
512
485
466
456
450
450
454
463
473
483
495
505
516
524
534
542
545
547
545
537
528
516
506
493
480
469
459
450
443
435
432
429
427
425
426
431
432
431
437
438
439
441
442
444
443
443
447
449
452
450
454
458
458
461
463
467
469
467
468
465
463
461
461
466
473
487
512
547
596
651
714
781
840
888
920
939
936
920
890
851
805
755
702
654
606
567
540
514
499
485
475
474
467
468
470
474
480
483
490
494
498
504
509
515
519
519
516
511
504
496
488
478
467
459
449
439
434
426
424
422
422
421
422
424
425
427
431
433
438
442
443
446
445
447
450
451
455
455
456
458
453
452
452
454
453
452
454
452
454
461
473
496
526
567
619
671
727
780
828
864
883
889
880
857
824
778
734
684
636
596
555
524
496
475
463
455
451
449
452
455
460
468
477
487
497
504
507
513
514
519
522
522
518
511
503
494
485
475
468
461
453
447
440
436
432
429
430
432
433
434
434
436
439
440
444
447
451
454
456
455
455
456
459
458
456
457
457
460
456
456
457
458
460
456
458
464
476
497
523
559
605
654
708
753
795
824
843
848
840
821
791
753
712
666
624
586
548
519
494
474
461
454
456
457
462
468
473
483
491
501
512
518
525
531
536
539
537
532
526
518
510
499
489
478
468
461
456
452
449
447
445
444
442
442
447
450
454
457
460
461
462
460
461
463
463
463
463
465
464
462
464
464
463
462
459
458
456
454
459
465
480
501
534
579
630
682
737
789
829
852
862
859
845
816
781
740
696
655
613
573
540
513
494
480
469
467
465
465
467
471
479
487
496
507
514
520
523
526
532
536
535
532
525
518
507
496
485
474
464
459
454
450
445
441
441
441
444
445
447
450
451
454
456
458
460
460
462
462
465
466
470
475
475
475
472
471
469
465
464
462
460
459
459
464
468
479
501
527
569
615
669
725
774
818
849
870
873
863
842
807
768
721
679
641
601
569
542
520
504
489
482
476
474
475
477
483
490
497
511
521
530
539
543
547
546
543
540
532
523
514
502
492
479
470
464
458
456
451
447
444
442
440
439
441
443
444
446
446
449
448
451
454
454
454
456
456
456
455
460
460
461
461
463
465
464
462
463
464
467
476
488
508
536
575
624
675
729
775
812
838
849
847
834
811
774
732
689
644
603
567
538
514
494
476
466
460
456
458
464
472
479
485
494
500
508
513
519
526
528
530
528
523
517
507
500
489
479
471
463
460
452
448
444
440
440
438
439
441
441
443
446
450
454
456
458
457
461
461
464
464
463
463
464
462
462
459
462
462
460
460
460
464
471
481
500
525
562
605
653
698
738
772
801
812
813
797
774
743
704
661
623
585
550
518
493
474
459
454
451
451
454
459
467
477
486
494
505
515
525
533
541
543
542
534
529
526
514
505
497
491
483
473
467
462
459
456
452
453
451
451
455
455
458
458
461
461
460
461
465
467
471
471
469
470
469
470
472
477
485
495
511
534
567
607
653
701
744
783
811
831
834
828
811
786
753
717
678
640
602
567
538
513
489
472
462
454
453
451
456
463
470
479
488
497
505
513
519
522
524
523
520
515
508
500
492
485
477
471
466
459
453
448
445
445
444
442
444
445
449
450
454
458
463
465
467
470
470
472
473
474
473
472
470
471
473
477
487
505
525
558
604
650
701
751
793
830
850
855
850
830
804
766
730
693
653
618
583
556
535
515
504
494
484
480
475
476
475
478
484
489
497
505
510
516
519
520
522
521
520
514
509
502
493
485
478
474
465
461
458
453
451
448
446
446
445
444
444
445
448
448
452
456
457
463
463
465
466
465
467
467
466
467
469
469
468
469
479
491
515
543
583
632
681
732
780
819
843
853
852
837
810
777
736
697
656
617
582
552
528
509
495
488
480
477
474
473
474
473
483
490
496
503
508
515
520
521
522
520
517
510
503
498
487
481
472
463
461
454
450
447
442
440
439
440
441
441
443
443
443
446
450
454
457
460
462
462
460
461
464
465
466
468
468
469
469
465
466
467
472
484
500
527
563
608
664
716
767
810
839
856
857
848
826
795
759
714
669
626
586
552
525
503
487
475
470
463
462
461
466
475
479
488
494
502
508
512
520
523
526
526
522
518
511
500
493
484
477
468
460
455
450
446
444
441
441
440
441
443
442
445
447
451
455
458
462
462
461
463
462
464
466
469
471
468
467
465
467
467
466
467
471
479
497
517
553
596
648
702
754
803
837
859
870
860
840
809
769
727
679
635
596
560
530
505
488
473
462
457
458
460
465
473
482
489
497
505
514
519
524
531
533
534
531
524
519
509
498
486
475
467
463
454
451
447
444
442
439
438
436
438
444
446
450
451
454
457
456
458
460
463
465
466
469
470
468
466
466
466
467
467
472
474
482
498
526
565
611
665
724
778
824
855
875
881
868
846
809
766
720
672
629
588
553
523
499
483
467
458
458
459
464
469
476
485
494
501
509
518
525
531
535
535
534
530
525
521
512
501
490
478
467
460
455
451
447
444
441
439
441
440
445
448
450
453
455
456
460
461
465
467
468
468
469
470
467
468
472
477
489
506
532
569
616
666
718
769
813
841
859
860
849
826
794
757
714
668
624
581
545
512
487
470
456
450
446
449
450
454
467
479
494
506
517
530
539
545
551
549
546
540
530
521
508
495
484
475
465
457
454
450
445
446
443
444
443
443
444
444
446
449
454
460
461
465
466
467
469
467
470
471
475
488
502
529
566
611
668
728
787
842
880
905
912
903
883
850
808
761
711
662
616
576
544
519
499
483
472
462
459
459
461
467
472
479
486
492
496
502
509
515
518
520
516
513
508
499
492
484
477
473
466
461
455
450
450
445
447
446
448
451
450
453
459
467
474
478
485
492
496
500
502
506
508
507
507
503
504
509
522
544
579
623
675
728
779
823
861
882
890
882
863
831
792
747
704
657
613
573
536
505
477
457
450
444
443
445
451
461
472
486
501
514
528
537
544
546
542
539
530
523
512
500
488
476
464
455
449
444
440
438
436
436
437
436
440
441
444
448
451
455
459
461
464
466
468
468
467
470
469
473
483
495
520
549
597
652
710
777
840
893
931
952
960
947
921
884
841
793
744
696
654
612
575
545
521
498
477
458
446
437
432
426
425
429
436
441
449
459
466
474
485
490
496
495
493
490
482
476
470
461
457
450
445
438
433
432
431
433
436
439
447
453
460
464
472
479
480
482
478
473
472
465
464
462
462
471
485
515
552
606
673
744
814
873
922
952
958
951
925
886
838
782
728
673
619
572
533
500
472
451
437
428
421
421
422
426
434
446
458
469
479
490
500
504
504
502
498
491
485
475
466
457
450
443
435
430
422
417
419
419
421
423
426
428
428
431
433
435
437
440
443
448
448
452
454
456
458
457
462
463
471
488
512
550
601
666
736
808
875
928
968
979
980
979
949
909
860
808
758
709
665
628
592
563
537
516
501
485
475
467
464
465
467
469
474
480
486
491
494
498
499
501
501
502
499
495
488
479
471
462
455
451
443
438
434
429
426
420
421
423
423
426
427
430
431
432
437
440
442
443
446
446
445
446
449
451
447
449
457
466
477
501
539
595
662
738
815
884
937
973
979
979
969
934
886
828
765
705
651
602
559
527
500
480
464
455
453
450
451
453
457
464
469
476
487
495
504
509
515
518
514
512
508
502
494
482
473
461
449
439
430
424
418
413
411
410
408
407
410
412
415
417
420
420
421
422
424
428
429
431
432
434
434
433
435
436
438
438
439
438
437
441
448
462
484
515
559
614
673
734
791
837
867
879
876
856
821
776
730
676
630
585
543
505
472
447
431
418
412
410
411
416
425
436
453
469
483
500
511
522
529
536
543
542
538
530
520
509
494
481
469
459
452
443
440
434
432
431
431
434
435
439
447
449
452
455
458
464
465
469
473
476
476
472
476
476
475
472
473
479
491
509
542
584
635
689
739
781
810
828
833
824
804
768
730
685
635
588
544
504
468
440
423
408
400
398
403
414
427
443
463
478
495
509
523
535
542
546
545
541
534
522
512
501
488
480
467
458
451
445
444
439
438
437
436
435
437
438
444
448
450
452
455
458
457
457
459
461
461
462
461
463
467
477
492
516
550
597
656
718
780
836
887
921
939
941
927
900
862
813
764
716
670
628
588
557
529
508
497
488
485
485
486
492
498
509
518
527
538
544
550
553
553
550
546
540
531
521
513
502
490
479
473
468
462
459
456
452
449
445
447
446
446
447
447
451
449
449
453
456
460
459
459
459
458
457
458
457
461
467
481
499
529
575
636
705
777
844
904
944
968
975
967
945
909
865
819
766
715
668
627
594
563
540
520
506
496
484
481
478
478
484
488
494
501
509
521
530
540
544
545
546
538
532
523
512
499
485
474
464
454
447
441
437
433
431
430
429
431
430
432
436
437
440
444
445
444
444
450
453
454
454
455
454
454
451
452
455
465
484
510
550
604
670
745
816
878
927
959
973
965
944
908
862
812
755
702
649
601
562
530
505
486
472
465
460
462
463
468
478
485
497
509
518
529
535
544
548
550
547
541
533
521
509
500
484
473
460
451
442
432
425
423
421
422
419
421
420
420
420
422
425
428
431
434
436
437
441
442
446
445
445
447
446
447
445
446
449
453
465
483
513
555
605
667
730
788
838
869
887
886
872
847
809
764
717
668
620
575
539
509
485
468
459
456
455
455
463
471
482
496
509
522
535
550
558
566
572
572
569
559
548
534
517
504
489
475
461
450
442
435
429
430
428
429
430
430
430
431
432
438
439
440
442
445
446
445
445
447
451
452
451
450
450
447
447
447
447
446
448
453
460
475
500
536
585
637
694
746
790
824
837
841
828
804
772
732
690
645
601
566
534
509
489
473
462
456
457
459
464
470
476
485
494
504
513
524
535
544
549
553
551
546
540
531
523
511
500
490
478
470
462
460
456
453
453
448
446
444
440
441
439
442
442
442
444
444
447
454
456
460
460
462
465
465
467
468
468
469
466
465
468
476
492
516
554
602
653
712
756
798
825
840
843
830
807
773
735
693
646
604
566
531
505
478
460
448
441
442
445
454
463
475
488
501
517
535
550
563
569
573
571
564
554
543
530
518
503
489
477
465
457
452
448
443
440
440
437
436
436
439
443
443
445
447
449
452
452
459
463
465
469
469
470
469
467
469
467
470
474
479
494
512
542
590
641
698
753
806
844
866
877
871
852
822
782
738
690
642
595
559
527
500
477
462
454
450
447
453
460
470
483
496
511
527
543
560
573
584
587
586
582
571
558
544
527
512
496
483
469
457
448
441
438
437
435
435
435
435
437
438
440
443
445
450
451
451
453
458
461
462
464
464
462
466
467
479
492
514
546
591
648
710
774
839
891
929
951
952
935
901
858
805
748
694
639
590
545
502
468
443
431
418
411
412
412
414
422
431
443
457
473
487
497
507
510
515
519
515
512
502
491
478
464
455
441
431
423
414
410
403
401
401
400
403
405
407
412
412
413
416
419
423
423
428
429
430
433
437
442
450
461
480
505
544
597
663
738
809
876
932
969
980
980
964
924
874
816
750
683
616
556
504
456
425
398
383
377
378
387
406
425
453
478
507
534
557
576
590
598
601
593
583
565
544
522
498
477
457
442
431
419
410
405
406
407
407
412
415
419
423
423
430
436
440
442
442
444
444
444
448
453
469
498
540
602
679
769
865
954
980
980
979
980
980
980
980
979
951
878
804
728
662
603
557
520
488
467
453
443
438
434
439
444
450
460
469
481
491
497
507
511
512
512
504
497
483
471
462
447
434
420
409
402
392
388
386
388
393
392
396
397
399
401
403
404
408
411
415
416
418
418
422
431
447
475
519
577
653
737
825
905
969
980
980
980
980
980
940
879
815
746
681
621
566
522
486
456
438
422
413
408
403
408
413
424
439
455
469
481
493
502
508
510
506
499
492
478
465
449
437
425
411
399
389
381
376
371
371
372
374
376
382
386
390
395
402
408
414
420
424
426
427
427
430
427
426
426
431
442
460
492
540
605
685
767
850
916
968
980
980
980
975
933
881
818
752
690
633
584
540
502
470
448
433
424
425
428
438
451
468
486
506
526
549
564
572
574
569
558
539
516
493
467
449
427
409
393
380
372
365
366
367
372
382
389
400
412
424
439
448
457
465
469
470
467
469
469
467
471
481
506
547
606
688
775
870
951
980
979
980
980
980
979
980
980
935
868
800
734
674
622
573
532
495
458
432
413
401
397
395
399
409
418
430
445
462
477
489
497
498
496
491
480
465
452
438
425
412
402
389
381
375
369
368
366
366
369
370
374
379
386
394
396
399
405
408
410
410
411
411
412
410
408
408
412
426
457
495
553
629
718
814
903
978
979
980
980
980
979
980
966
905
838
773
712
657
612
566
530
499
472
452
435
426
418
414
415
421
430
442
452
463
471
478
482
480
478
470
461
454
442
428
415
408
400
391
385
380
376
375
372
371
372
375
380
382
386
391
394
401
403
405
407
410
412
410
411
413
416
417
415
414
412
411
412
415
428
446
481
529
600
688
786
883
967
980
980
980
980
979
980
980
940
869
797
729
669
611
561
522
488
459
440
423
414
405
403
407
413
424
434
447
460
467
475
481
483
481
474
468
457
445
434
423
415
405
400
395
391
391
388
389
390
390
392
393
397
396
395
400
399
401
404
403
403
404
407
410
409
412
411
409
408
403
401
399
397
397
392
389
385
383
390
406
436
480
541
621
711
803
886
956
980
980
980
980
980
924
856
785
717
646
581
524
478
443
419
405
396
393
391
394
402
410
422
441
455
472
487
501
509
514
517
519
514
507
494
481
466
447
433
420
408
399
393
387
381
380
379
381
383
386
391
397
403
411
416
428
436
443
450
456
462
466
467
472
470
470
467
460
453
445
441
441
446
467
500
549
618
692
773
850
916
965
980
979
978
942
893
831
761
689
620
555
495
443
405
381
370
359
359
364
375
394
411
434
458
481
502
520
535
544
547
548
541
533
517
499
480
456
438
424
412
401
391
386
382
378
377
381
385
390
393
400
403
406
410
413
419
421
424
426
427
430
430
433
436
438
441
440
440
437
437
445
456
480
519
573
648
735
828
920
980
980
980
979
980
980
980
980
979
908
826
747
675
607
554
508
475
452
435
427
422
421
422
429
439
450
464
476
486
497
505
514
516
514
509
500
488
472
457
444
430
418
404
392
385
378
374
376
377
381
381
386
390
391
396
399
405
407
408
412
414
418
420
422
425
427
432
432
431
433
432
437
447
461
487
528
585
656
736
822
900
965
980
980
980
980
979
926
863
796
726
659
599
545
501
471
452
436
427
425
423
422
426
429
437
444
453
464
474
484
491
500
505
506
504
499
491
482
468
458
446
433
420
407
397
390
382
381
381
382
383
384
385
388
390
396
400
406
410
413
419
420
423
425
427
429
429
430
428
426
425
423
424
429
440
461
491
534
597
676
763
842
913
966
980
979
980
978
932
872
807
736
666
601
542
496
459
435
417
407
402
399
401
408
417
430
441
455
471
482
495
506
516
519
519
516
508
498
488
477
467
455
444
433
421
415
406
403
400
397
400
398
400
401
398
403
406
408
414
415
420
420
422
428
430
434
436
437
442
439
439
440
439
443
448
462
489
524
582
648
723
799
868
923
959
975
971
948
912
858
798
735
671
611
553
509
472
443
422
405
396
388
383
384
387
395
401
410
423
435
452
468
484
493
498
501
500
495
492
484
475
466
454
442
429
419
410
405
400
395
396
396
396
395
397
400
402
404
408
413
417
421
422
428
431
436
440
439
443
445
444
451
459
473
494
524
569
623
685
751
810
859
890
908
904
884
850
803
751
693
632
575
519
470
429
402
386
374
371
371
377
390
403
423
442
461
488
505
521
534
543
550
549
544
534
519
503
484
465
453
440
429
420
415
411
404
403
404
406
409
410
412
414
416
422
423
427
430
433
438
439
440
441
444
449
447
449
453
460
476
496
531
584
652
729
807
884
947
980
980
980
979
980
956
900
832
766
704
644
593
548
517
492
471
455
451
451
451
453
458
462
468
477
487
499
508
517
525
529
534
530
526
515
503
489
474
461
450
435
424
415
408
403
399
398
397
398
403
408
412
417
423
426
427
430
434
434
438
436
439
438
437
437
439
449
463
488
523
572
638
712
791
865
923
967
979
979
972
934
890
830
768
707
647
597
549
510
483
458
444
433
425
419
415
414
418
423
432
441
450
461
470
479
488
493
495
493
488
477
464
451
439
429
419
409
398
395
394
393
393
395
396
396
399
400
402
402
406
412
412
415
416
417
417
415
417
417
418
419
417
421
420
424
436
457
486
524
577
638
701
765
821
865
890
898
888
864
828
782
733
683
630
582
542
504
475
455
447
444
442
446
452
460
470
479
494
507
519
532
538
545
543
539
536
525
515
502
486
475
459
452
443
436
431
424
423
421
417
416
413
415
416
417
421
418
422
420
423
428
428
431
432
431
430
428
428
430
439
454
477
513
561
621
692
765
835
891
931
952
952
934
902
856
803
745
690
638
589
548
518
494
475
460
450
445
443
445
446
452
459
469
478
487
494
503
511
519
521
521
516
509
499
487
478
467
456
448
437
429
421
415
413
410
409
411
413
415
414
415
421
423
427
427
430
431
431
433
434
437
439
446
459
474
501
539
594
658
725
793
851
893
918
922
913
888
849
801
745
691
638
588
548
512
483
459
442
430
422
417
417
419
424
431
441
452
461
472
483
491
498
498
497
493
486
476
468
459
449
439
432
422
418
409
404
405
403
403
404
406
409
410
416
419
422
426
428
431
431
431
433
432
433
431
432
436
441
454
480
513
559
611
672
732
787
834
866
882
882
863
835
793
747
695
645
597
553
515
484
456
439
424
418
414
415
421
430
445
463
483
505
525
546
561
569
572
567
555
541
522
502
479
457
443
424
411
402
395
395
392
395
399
404
411
415
423
428
431
438
439
443
443
448
455
459
472
492
521
567
624
696
769
840
901
943
970
975
962
937
896
848
793
739
689
639
598
566
537
517
500
486
476
464
457
453
450
448
444
448
450
455
461
465
471
473
477
478
476
474
468
464
459
449
442
432
423
416
408
406
404
401
403
402
404
405
408
415
416
425
426
428
431
430
431
430
430
429
426
429
436
448
472
509
565
633
711
792
865
926
967
980
980
978
948
903
851
796
742
694
654
619
592
569
550
532
515
502
487
475
466
460
455
452
453
458
463
470
476
482
486
485
485
483
479
474
464
452
441
431
424
416
411
406
403
402
397
395
395
397
402
402
404
408
410
413
415
418
421
424
427
427
428
427
426
426
426
428
435
450
477
517
573
645
724
802
870
922
959
972
966
943
906
861
807
753
700
650
610
577
552
529
512
498
482
469
460
454
451
448
448
451
456
465
472
484
492
500
510
512
514
511
506
504
495
486
475
464
456
444
436
430
424
420
414
412
411
409
411
412
416
416
419
423
423
425
424
428
433
433
434
434
433
433
430
429
430
435
451
472
505
551
607
673
736
795
839
863
873
866
844
811
768
724
675
630
588
550
520
499
482
470
460
456
451
449
447
447
450
453
458
467
473
480
484
492
498
498
498
493
487
482
470
464
456
447
437
429
426
420
414
416
414
417
416
418
417
417
421
421
424
427
429
432
434
434
435
438
442
442
442
442
440
439
437
436
436
436
442
449
461
482
510
550
597
644
688
722
750
761
760
750
729
702
669
631
593
560
530
505
484
470
459
457
454
449
449
451
456
463
466
474
481
487
496
503
509
512
512
512
508
501
493
488
481
471
463
457
453
450
442
439
438
438
437
436
436
436
436
441
441
442
442
443
444
441
442
446
448
451
450
450
451
448
448
445
444
444
444
445
446
452
464
482
508
540
582
630
675
717
748
771
782
778
768
744
713
681
642
606
572
544
519
497
484
468
461
460
460
465
469
475
486
493
502
512
522
532
539
549
550
546
544
538
531
521
511
502
491
482
470
466
466
462
459
455
454
452
451
452
452
452
455
456
459
459
458
462
464
467
466
464
466
465
464
464
462
463
463
467
476
488
510
543
588
639
691
747
792
828
852
859
855
838
810
775
731
687
644
601
563
528
500
475
457
447
440
442
445
453
464
475
491
505
520
539
555
572
581
587
591
584
578
569
558
543
527
515
501
487
477
468
465
465
462
461
460
460
462
463
465
465
468
470
469
467
466
468
469
470
471
472
479
491
508
539
585
642
710
777
845
900
942
973
980
979
961
930
891
842
791
746
702
664
628
599
577
559
546
536
529
524
522
524
523
527
532
541
551
557
564
569
571
571
565
559
550
540
529
513
499
483
468
460
448
441
436
432
428
423
419
419
420
422
424
425
428
427
428
429
433
437
437
440
440
440
444
450
469
493
531
587
656
740
826
912
979
979
980
980
980
979
979
980
949
884
814
743
683
624
577
541
508
486
468
457
451
446
444
445
448
454
457
466
472
480
487
494
499
498
496
492
485
476
466
457
446
435
425
415
404
396
388
384
382
379
380
380
382
384
386
391
396
402
405
407
410
412
412
415
415
417
419
421
429
442
468
511
568
645
730
819
907
977
980
980
979
980
980
980
944
879
809
738
672
610
557
514
477
450
431
420
413
411
413
416
422
430
441
456
471
486
496
506
513
512
512
506
498
488
473
460
446
430
418
407
401
395
390
387
386
387
390
390
393
396
400
403
407
411
414
421
428
430
432
434
434
435
432
432
430
429
432
436
450
471
511
574
653
746
843
932
979
980
980
980
980
979
979
980
914
834
753
677
610
547
496
458
428
408
394
389
392
395
405
417
431
446
461
479
493
505
510
512
512
508
498
490
476
464
449
434
421
408
400
394
389
389
387
389
393
393
395
399
402
406
406
409
409
409
410
411
413
414
415
416
414
413
409
409
412
411
416
430
455
493
544
619
704
794
881
950
980
980
980
980
980
950
886
813
738
663
594
535
486
446
418
400
389
383
382
387
396
409
421
436
450
465
479
493
506
510
512
513
508
499
489
482
472
460
448
438
431
422
414
413
409
407
405
402
401
398
396
399
397
398
395
396
396
392
391
391
392
394
392
394
393
394
396
397
400
402
407
417
432
457
494
547
609
679
754
823
881
924
946
953
941
911
869
816
765
705
649
601
559
526
498
477
463
456
457
462
468
478
489
503
520
535
550
562
573
580
577
574
563
547
531
513
495
476
459
446
433
421
411
408
408
407
405
405
407
410
409
412
416
417
419
421
425
426
426
431
432
433
435
436
442
447
464
488
530
591
665
752
843
927
979
980
980
980
980
979
980
946
873
793
716
641
573
515
466
431
406
393
388
387
395
401
413
427
442
465
482
498
512
521
529
531
528
524
513
501
485
468
451
434
422
412
403
398
393
393
390
389
388
390
394
397
400
403
401
402
402
404
406
406
408
409
412
413
413
420
425
433
447
470
509
561
631
717
804
890
961
979
980
980
980
980
979
936
866
793
717
644
575
517
469
432
403
384
371
367
368
376
386
400
416
436
455
474
490
504
514
519
519
514
508
497
482
470
456
442
430
416
407
399
392
390
386
387
387
388
392
390
392
399
405
412
414
418
421
422
424
425
427
428
429
434
437
446
462
494
540
600
673
754
834
902
952
979
980
980
955
907
849
783
713
652
590
537
491
454
427
406
393
392
391
395
402
413
429
442
460
479
497
515
527
542
545
541
536
528
516
499
482
464
446
433
420
413
407
400
396
395
391
394
393
399
401
405
410
412
418
420
420
426
428
429
430
432
433
433
439
451
473
508
557
627
707
789
870
938
980
980
980
980
980
946
885
816
747
675
609
550
497
455
423
405
397
394
394
399
412
425
441
462
481
500
521
535
547
552
554
553
545
534
518
501
482
461
444
430
418
411
401
396
394
391
396
400
405
412
419
427
430
435
436
437
438
436
435
433
429
425
420
425
437
463
503
558
634
719
808
891
958
980
980
980
980
979
953
895
827
758
688
628
574
527
491
460
442
429
420
418
417
422
432
445
465
482
498
516
528
538
542
545
546
535
525
508
491
473
453
440
428
416
409
400
396
393
392
396
396
399
404
404
408
409
413
419
424
431
430
432
429
427
428
430
440
456
484
526
581
649
724
798
866
915
947
960
951
927
888
839
784
728
675
623
576
539
506
486
468
458
451
442
439
437
441
447
454
464
472
482
494
502
508
509
513
511
503
497
485
473
460
444
433
422
416
409
401
398
394
395
397
398
402
404
406
406
408
412
414
417
422
423
426
429
440
460
488
528
581
643
712
774
833
878
906
914
905
885
851
807
759
712
668
626
587
555
527
506
485
470
458
448
445
446
447
453
461
473
487
497
508
515
521
522
518
512
504
493
482
467
458
441
428
419
413
412
409
407
408
404
406
408
410
415
417
422
424
424
426
428
430
431
432
436
442
457
483
522
578
643
716
789
854
911
943
962
962
944
911
867
819
767
716
672
630
596
570
545
524
504
487
476
465
461
458
461
464
465
473
480
487
494
497
502
502
498
494
486
478
468
456
447
433
422
411
406
402
395
393
393
394
391
391
400
403
407
415
417
421
423
424
430
427
426
425
423
422
419
424
435
457
492
538
605
681
763
846
911
963
980
980
980
980
941
894
843
787
734
685
642
604
573
542
518
498
477
462
448
441
433
430
433
440
449
459
467
475
479
482
486
482
473
466
457
445
430
418
409
400
393
385
380
374
372
373
372
374
377
380
382
381
384
388
395
402
407
412
417
419
420
420
422
421
421
421
419
417
414
413
418
429
450
482
530
599
680
769
858
934
980
980
980
980
980
979
956
900
833
768
706
646
594
550
513
484
459
441
428
420
416
417
423
433
443
455
467
480
490
495
499
500
495
490
478
467
453
439
430
416
408
400
391
387
382
380
380
381
384
386
393
397
400
403
405
410
411
413
416
415
416
414
416
417
417
422
419
416
414
410
412
414
418
428
449
487
537
608
694
785
874
951
980
980
980
980
980
980
943
881
817
755
697
645
601
565
537
511
492
475
461
453
450
448
450
454
463
469
478
485
493
501
501
498
497
493
488
476
467
457
446
434
422
413
402
395
392
388
387
385
386
389
389
392
396
402
407
407
412
411
410
410
410
411
411
413
414
414
413
411
413
414
412
412
411
408
408
405
407
413
424
448
484
538
611
694
788
876
951
980
980
979
980
980
980
922
859
791
727
669
612
570
535
509
489
471
462
453
448
447
447
453
455
463
473
482
492
499
509
514
516
515
510
502
492
477
465
450
436
425
413
401
390
383
383
383
386
387
391
396
396
400
403
405
408
409
412
413
415
414
416
419
421
419
418
417
417
415
414
413
411
410
410
408
406
406
409
412
413
418
430
450
483
527
594
673
762
854
931
980
980
979
980
980
980
956
894
824
750
684
622
569
531
496
471
452
441
436
434
435
441
446
457
464
474
485
498
511
517
521
521
517
513
503
494
485
471
459
444
430
419
407
400
392
389
389
386
386
385
387
393
396
399
401
406
409
409
407
408
409
412
412
416
414
413
412
412
414
413
413
415
412
412
410
410
410
407
410
412
420
437
465
510
569
646
736
821
901
960
980
980
979
980
979
928
865
794
723
657
595
542
494
458
431
413
402
397
400
403
408
420
431
444
461
477
496
508
517
525
526
526
520
514
503
487
473
456
442
429
414
407
398
392
388
385
383
381
381
384
387
393
394
399
402
402
406
410
415
419
419
423
423
424
426
425
428
427
426
428
425
423
421
425
431
438
454
477
515
563
627
704
782
857
922
966
980
980
980
956
911
858
794
728
661
596
537
491
450
420
400
388
384
382
388
400
414
433
452
473
493
510
525
538
546
549
549
543
529
513
494
477
461
444
430
417
406
397
391
387
386
386
386
386
391
395
398
405
409
410
413
418
420
421
427
432
434
437
436
436
434
433
435
443
461
489
530
590
665
749
838
922
979
980
980
980
979
979
980
960
893
819
750
680
619
568
524
493
469
453
446
440
440
438
440
449
456
470
480
489
504
509
517
520
521
521
513
507
498
483
471
458
446
432
420
411
401
395
389
387
389
388
389
392
395
399
400
405
408
411
416
419
424
425
425
429
428
428
427
424
424
420
420
425
434
452
479
521
579
648
727
806
881
942
977
980
980
965
928
877
820
756
696
639
588
543
508
481
461
451
446
443
439
439
441
449
457
464
477
484
494
500
504
509
510
510
505
498
490
476
467
457
446
436
424
416
408
400
394
390
391
391
393
396
395
397
399
402
407
409
414
417
421
421
420
423
425
423
423
421
420
419
416
418
416
418
420
421
429
441
464
499
543
600
659
723
781
824
856
871
872
859
829
789
742
693
646
599
560
525
499
479
463
454
449
449
452
452
458
462
469
478
484
494
501
508
514
516
517
515
513
510
500
491
480
470
461
448
438
431
425
423
418
417
416
415
415
416
421
424
426
433
432
433
435
434
437
434
434
435
433
435
433
436
441
438
440
437
440
447
457
479
505
542
589
641
697
747
791
826
842
848
837
816
787
744
701
658
616
580
543
518
493
473
458
451
449
448
451
458
466
479
488
500
513
523
536
544
547
547
541
538
530
519
509
494
482
466
454
446
439
435
432
429
429
423
424
424
425
429
431
432
433
436
439
442
445
448
447
451
448
447
447
448
451
457
471
488
510
545
588
643
701
753
803
836
859
866
856
840
808
771
734
685
638
592
552
516
484
460
441
433
429
427
433
443
457
477
495
516
537
557
577
588
596
596
590
581
565
548
527
509
492
473
458
447
437
428
419
415
415
414
416
418
423
428
432
439
442
447
451
452
454
454
457
464
474
492
517
555
605
659
718
780
835
879
907
921
915
896
861
816
768
713
657
609
556
511
468
437
418
401
390
387
390
399
413
431
454
480
509
531
554
572
583
588
585
580
564
545
523
497
473
451
431
414
399
391
382
375
378
379
383
388
392
399
404
410
412
417
425
427
433
438
444
456
475
507
552
611
684
761
839
911
967
980
980
980
979
980
935
878
813
751
694
642
595
555
523
493
470
454
442
433
428
426
428
431
439
454
468
486
501
515
521
527
527
524
516
503
486
470
453
438
421
410
400
391
385
381
379
379
379
383
385
390
395
400
402
405
409
416
420
421
422
424
425
424
422
428
440
461
495
545
613
695
785
875
956
979
980
980
980
979
979
980
979
914
851
789
734
689
643
610
580
554
532
507
486
463
446
436
426
423
424
426
432
438
448
456
464
469
470
472
465
457
447
438
429
416
403
394
385
376
369
368
369
369
371
374
374
380
378
382
383
384
386
389
391
391
391
395
394
396
397
395
398
394
393
393
392
392
390
391
394
391
391
393
398
404
412
430
455
490
535
584
639
689
732
767
783
788
779
763
738
703
669
634
603
575
550
535
519
508
502
492
489
480
474
472
466
468
468
465
466
464
464
466
468
469
467
467
466
462
458
455
452
447
442
436
430
424
419
416
415
412
411
412
411
411
410
414
419
419
419
420
421
422
420
421
420
418
421
416
416
413
411
414
412
411
412
412
413
409
410
409
411
412
411
412
410
410
413
415
420
424
430
441
454
470
487
504
523
539
554
563
568
569
562
558
547
537
526
514
504
494
484
479
474
473
470
467
467
464
463
466
466
469
467
468
469
468
469
469
469
471
468
467
465
463
462
458
458
457
453
453
447
444
440
441
443
440
441
441
440
440
436
440
440
441
443
442
445
441
440
441
440
441
441
441
441
438
440
440
441
440
439
441
440
437
439
440
442
441
440
442
442
442
443
446
448
449
452
456
460
464
469
479
490
498
506
513
520
523
523
525
523
520
516
510
503
495
491
489
485
484
481
482
484
480
477
480
482
485
484
486
486
486
487
486
485
484
484
485
483
481
478
480
481
479
478
479
478
476
473
472
472
471
473
472
472
472
470
474
474
473
473
472
472
469
467
469
467
466
466
467
470
468
467
467
468
469
467
468
466
464
464
463
463
464
466
468
469
469
466
468
471
470
471
472
475
479
482
489
496
504
513
519
529
530
531
535
532
529
524
519
516
507
502
497
498
494
492
495
493
492
492
493
496
497
498
500
498
498
497
497
500
499
499
499
496
496
493
493
493
491
490
488
488
487
485
485
483
486
487
488
488
485
485
488
487
490
488
489
489
486
486
485
485
486
482
483
482
480
480
480
482
482
482
485
483
481
478
480
481
479
481
479
480
481
479
483
484
483
485
485
488
490
493
501
508
517
527
535
545
546
547
548
545
543
538
532
526
520
513
509
507
507
504
503
501
500
499
502
504
504
506
507
507
508
507
508
512
511
513
512
513
514
510
512
509
506
504
501
501
497
495
496
493
495
494
494
497
494
494
494
495
497
496
495
495
494
493
492
494
493
491
492
488
489
487
488
490
487
490
491
492
491
490
493
494
492
492
491
490
488
486
486
488
491
495
496
504
510
517
534
549
566
579
593
602
606
608
607
605
598
588
577
567
557
549
540
534
528
525
524
520
519
520
524
530
531
535
538
537
538
533
536
536
541
544
544
547
544
543
541
536
534
530
526
523
515
514
513
513
510
506
506
503
501
502
502
506
507
507
508
506
505
505
505
505
504
504
505
503
502
498
502
505
504
504
503
501
498
495
497
498
500
502
505
513
521
534
556
576
599
621
642
663
675
683
686
682
672
660
648
631
613
598
581
568
556
545
539
531
527
524
526
529
530
535
542
547
553
559
570
577
582
585
585
585
580
575
573
566
559
550
542
536
526
521
519
515
514
510
508
505
503
502
503
505
509
510
513
513
512
514
516
519
520
521
522
518
516
514
515
523
528
542
561
584
611
638
671
700
720
740
748
753
746
733
719
695
672
646
622
598
575
558
545
535
529
520
516
515
515
517
527
541
555
570
585
595
607
614
620
625
623
619
615
605
596
582
571
560
547
537
527
519
513
507
509
507
506
507
506
507
504
502
504
503
505
504
504
506
504
507
515
526
546
567
599
630
664
704
739
773
795
807
813
807
795
772
750
724
692
664
631
602
574
547
530
512
498
494
490
493
498
508
525
542
561
581
596
613
622
629
636
635
627
615
600
587
572
558
544
533
522
506
494
480
470
465
461
459
457
457
463
463
466
467
473
479
480
485
488
493
497
505
522
546
579
620
664
712
756
797
834
856
870
868
855
835
804
768
734
702
670
639
616
593
574
560
547
540
532
527
524
519
520
522
527
538
543
553
562
568
576
577
582
579
575
567
552
539
524
506
494
480
468
459
451
446
440
438
441
440
441
442
442
445
445
447
450
452
455
455
458
458
458
462
471
487
512
546
593
647
706
765
819
864
895
914
917
906
883
850
814
775
735
697
664
635
612
593
581
570
562
551
543
535
525
517
514
512
515
514
518
521
526
531
533
536
537
533
529
520
510
498
487
477
466
457
451
442
434
428
424
423
421
423
425
429
430
430
434
437
439
444
445
446
444
441
444
443
445
445
445
446
441
441
444
454
473
496
529
580
640
708
775
840
886
917
937
933
917
888
853
815
770
728
689
654
626
603
589
575
566
559
550
541
529
519
514
506
501
500
498
502
502
506
511
514
514
514
513
511
502
495
485
476
467
457
450
440
432
426
421
420
417
417
417
416
416
415
419
424
425
429
429
431
435
432
432
431
429
431
430
431
428
426
432
433
435
435
433
434
430
429
427
429
434
442
462
491
532
591
660
736
807
870
916
946
958
953
935
905
863
820
772
728
687
650
625
605
587
575
564
554
542
531
522
514
508
502
499
498
497
500
505
509
517
520
520
518
512
508
502
495
487
475
464
453
444
436
431
429
427
425
426
422
421
418
421
422
421
420
421
424
429
430
434
436
438
441
435
435
433
432
433
431
432
429
427
427
423
422
423
423
426
423
424
425
422
424
424
429
442
463
498
545
607
681
760
838
902
953
980
980
979
972
940
897
846
794
742
694
653
618
596
579
566
556
544
535
525
517
512
505
502
499
498
502
502
507
513
520
525
525
527
523
514
502
491
481
469
460
452
442
435
428
426
422
418
417
418
417
419
417
421
422
422
425
426
428
428
428
430
430
432
434
433
433
430
430
429
427
426
423
424
423
421
420
420
423
425
424
423
421
420
420
419
419
420
425
437
456
488
531
596
674
758
843
918
977
979
979
979
980
980
969
914
854
789
728
676
629
592
562
541
527
513
504
496
491
489
486
487
488
490
494
500
508
515
520
525
526
523
517
510
501
488
476
463
450
441
428
423
418
410
405
401
400
398
397
401
400
403
405
407
411
410
412
417
420
423
423
425
427
425
426
425
425
425
419
419
417
416
418
417
420
418
419
421
419
420
418
418
418
414
416
417
422
432
447
479
522
582
656
739
829
909
977
979
980
980
980
979
979
961
898
826
755
689
626
575
533
498
473
456
450
448
445
449
450
456
464
473
486
495
506
517
524
528
530
531
530
521
513
498
484
467
452
440
429
420
412
403
399
392
390
393
391
392
391
396
400
399
405
407
413
419
420
423
423
425
427
427
428
428
429
432
428
429
425
426
428
427
430
426
425
424
421
421
420
418
420
419
427
438
459
497
547
618
699
787
878
953
980
980
980
979
980
980
980
922
848
770
696
626
562
511
467
437
418
405
401
402
408
418
428
443
459
479
500
514
529
542
551
556
552
550
538
525
511
491
474
454
439
428
416
408
399
394
392
389
390
390
393
395
396
401
402
403
406
409
413
416
418
420
419
421
422
423
423
424
425
426
425
424
423
426
428
428
426
425
426
424
420
423
425
433
450
475
516
569
642
728
814
897
967
979
980
980
980
980
979
924
850
773
695
621
556
500
456
425
406
397
391
393
397
408
422
435
452
469
489
508
521
538
551
558
563
557
550
536
520
505
486
464
449
435
424
408
399
396
393
392
390
390
391
390
390
394
397
403
406
409
410
414
414
417
422
422
424
427
427
427
427
427
429
427
429
430
429
430
428
433
434
438
444
453
477
509
555
622
696
781
861
934
980
980
979
979
980
980
930
864
786
707
633
568
513
467
435
412
397
391
391
399
412
425
442
462
481
499
517
536
551
562
568
567
565
556
541
526
507
489
470
452
440
423
411
405
395
393
389
388
386
384
387
393
399
405
404
408
409
410
414
413
416
418
418
421
421
421
420
421
426
424
426
426
425
423
421
423
426
432
446
467
501
546
608
687
765
844
909
961
979
979
980
978
936
882
815
750
682
615
556
506
467
440
419
408
400
399
402
409
422
436
453
472
489
508
520
537
553
560
563
559
554
543
527
511
491
473
457
442
428
415
406
403
398
397
396
396
398
396
398
401
404
409
409
413
415
417
419
422
426
430
432
437
436
438
437
437
439
436
437
435
438
447
461
492
532
588
657
730
804
870
923
964
979
979
966
932
888
827
765
707
646
592
543
501
467
441
425
417
413
418
422
430
446
459
470
486
504
519
534
549
556
562
560
555
548
532
517
499
481
461
444
432
421
415
411
404
401
397
398
401
400
401
402
405
412
413
419
425
430
433
432
436
438
438
438
439
439
438
438
440
444
456
476
510
557
618
689
765
838
903
955
980
980
979
979
949
902
845
781
720
661
607
561
523
493
468
452
444
439
440
441
446
456
463
476
493
508
522
533
548
554
557
558
552
543
530
513
497
476
459
442
432
423
413
408
402
398
396
395
399
400
403
407
408
413
414
418
426
431
434
435
435
433
437
440
451
467
496
533
585
647
718
792
863
926
970
980
979
979
958
913
859
801
738
679
627
577
537
502
477
460
445
440
433
430
431
432
442
452
464
481
495
512
522
534
547
550
550
542
532
519
499
481
461
445
434
420
410
400
393
390
388
391
391
394
398
400
403
406
411
415
416
420
423
426
428
434
450
475
510
560
621
695
772
846
910
958
980
980
980
963
919
866
810
746
688
629
578
536
496
468
446
432
424
415
413
411
413
421
432
449
465
483
502
514
527
535
541
543
536
528
512
495
478
455
443
428
413
403
391
384
379
374
376
374
376
379
382
385
387
392
399
405
411
414
419
425
434
451
476
517
572
640
717
797
874
936
979
979
979
980
973
927
866
800
734
671
610
560
515
480
451
428
415
403
397
395
394
400
407
419
437
454
473
493
510
523
532
537
537
532
522
502
483
459
435
416
395
384
370
363
362
357
357
357
360
369
372
379
383
387
392
394
401
403
405
408
410
419
431
452
491
541
611
693
783
872
946
980
980
980
980
979
980
954
889
821
752
691
636
586
547
513
487
465
448
437
425
414
407
401
400
402
410
424
436
453
467
479
488
487
488
483
474
462
447
434
418
402
394
382
374
367
361
358
353
352
353
357
362
365
371
376
381
384
389
394
397
400
403
402
404
403
404
405
403
402
403
406
416
434
470
522
590
675
766
859
942
980
979
980
980
980
979
980
979
913
852
789
733
681
637
603
570
544
520
499
483
463
451
441
430
427
426
431
435
442
454
460
467
472
477
479
473
469
458
447
435
421
413
403
394
386
378
376
372
371
374
374
378
380
382
385
386
391
395
398
403
403
406
407
406
406
406
408
408
405
407
406
404
404
404
406
406
407
408
405
404
401
404
413
428
458
501
561
641
729
827
914
979
979
980
980
980
979
980
980
923
857
793
734
677
633
597
571
548
525
510
494
479
468
457
451
448
447
449
452
457
466
474
484
487
489
490
486
480
469
461
451
438
428
415
406
396
388
386
384
384
386
386
388
388
387
393
394
397
398
402
404
404
407
409
412
412
410
412
410
408
408
407
409
408
407
409
407
406
403
405
409
408
408
407
406
407
404
410
419
438
471
512
573
647
731
822
900
966
980
980
980
980
980
980
931
873
809
750
692
644
606
575
553
536
521
510
495
484
475
468
466
465
468
471
473
480
483
490
496
498
500
496
492
486
475
468
455
444
433
422
414
404
397
395
393
394
392
393
396
394
397
400
403
405
406
411
414
415
418
418
422
422
423
425
421
418
414
414
412
409
409
407
407
407
404
406
407
408
410
406
407
405
403
406
409
420
436
467
511
567
643
729
813
895
959
979
979
979
980
980
960
907
845
782
718
661
609
568
537
512
493
482
470
465
461
461
460
459
464
468
474
480
485
496
502
507
511
508
506
498
490
483
471
460
446
433
423
408
398
394
392
392
389
388
388
387
388
389
391
396
400
403
404
407
407
411
416
416
417
419
420
420
416
417
418
415
414
415
417
413
410
412
410
411
411
409
409
406
404
406
405
408
410
421
444
475
524
590
671
761
848
929
980
979
979
980
979
980
980
954
885
813
737
672
614
559
517
483
458
446
434
433
433
436
443
449
458
465
476
491
499
510
514
520
523
519
516
509
499
488
472
461
444
428
416
405
398
391
384
381
378
378
378
379
382
383
386
391
394
397
400
404
407
408
411
413
414
415
412
413
413
413
413
410
409
407
407
411
411
413
413
413
415
412
411
410
410
416
422
439
467
508
566
639
727
818
904
977
979
980
980
979
980
979
980
912
834
754
673
604
544
494
455
428
411
402
397
402
406
418
431
444
462
475
491
507
520
531
539
545
546
537
527
514
500
484
465
450
434
422
409
400
395
389
385
384
380
379
380
382
387
389
395
398
403
406
405
410
413
416
419
417
417
417
418
420
418
420
419
421
421
418
418
419
421
420
417
419
419
424
434
454
488
536
603
685
773
863
941
980
980
980
980
980
980
980
920
846
765
685
611
543
486
443
411
395
386
384
388
394
407
419
436
456
474
495
512
527
543
550
555
556
551
545
529
514
495
474
457
439
427
413
402
393
385
380
375
376
380
380
382
385
388
392
393
398
400
400
399
404
405
408
410
414
418
420
422
421
423
422
420
420
416
418
418
421
428
439
462
497
548
614
688
770
851
922
977
979
980
979
980
970
913
844
769
695
623
554
494
445
409
384
366
362
362
368
378
390
408
425
443
468
486
505
519
533
546
546
546
541
532
522
504
489
470
455
442
429
422
411
403
400
391
389
385
384
386
386
389
392
396
402
403
411
416
419
423
423
426
427
426
428
428
429
429
428
427
426
431
444
462
490
527
578
640
704
772
839
895
937
959
961
945
915
871
817
758
695
632
574
518
472
432
406
388
375
374
378
388
402
415
438
460
483
508
525
545
560
569
576
575
569
558
543
527
503
482
465
451
441
427
418
410
402
400
395
396
396
398
401
402
405
410
414
420
422
427
432
433
434
434
437
439
440
439
439
442
447
456
478
509
553
609
678
756
831
900
960
980
979
979
980
979
936
878
814
746
683
619
565
515
474
444
422
412
405
405
412
417
431
443
462
486
504
524
542
556
568
571
574
568
559
547
527
508
485
463
449
434
422
412
401
394
386
386
387
387
389
391
395
400
400
404
410
417
424
426
430
430
430
432
434
442
454
476
510
554
615
687
770
852
921
977
980
980
980
979
980
934
873
807
735
669
607
553
512
473
448
427
416
410
404
406
411
421
437
450
468
485
502
517
530
545
551
552
549
538
525
509
492
474
454
440
426
413
403
393
390
388
386
383
382
386
387
390
398
401
404
406
410
414
416
420
428
439
459
488
528
585
650
728
809
883
946
980
980
979
980
979
938
882
817
751
686
620
566
519
483
455
433
420
408
403
403
402
407
417
431
449
464
481
494
509
523
530
538
539
535
525
508
490
475
456
441
423
411
399
388
379
374
373
374
373
375
376
381
384
388
397
401
403
409
410
414
420
433
457
489
535
594
665
742
818
891
946
979
979
979
967
925
871
812
746
683
622
568
524
481
451
431
416
407
397
394
392
392
399
410
425
442
461
482
498
514
525
537
542
538
530
515
500
480
456
440
423
408
395
384
376
371
364
367
366
370
372
375
381
382
389
396
399
406
407
412
417
422
433
453
486
527
584
655
730
808
876
931
970
979
979
961
920
868
808
746
687
626
572
525
489
456
432
416
403
395
391
387
390
392
401
417
434
455
475
495
513
521
531
536
535
525
510
495
477
456
438
421
406
392
380
371
364
360
358
358
362
363
369
374
380
385
389
401
408
411
417
419
422
425
426
434
447
472
509
557
622
696
778
857
924
972
979
980
980
970
927
873
810
747
683
625
573
528
494
465
448
430
418
409
398
394
393
397
407
416
431
450
469
490
503
516
526
532
533
524
513
496
474
456
436
419
401
385
376
365
361
359
359
363
362
366
371
374
379
384
391
397
401
406
408
409
414
416
421
421
422
425
425
429
440
462
497
545
614
692
780
863
935
980
980
980
980
980
979
936
872
806
735
673
616
569
530
495
472
454
442
434
421
413
407
401
402
404
412
424
436
451
461
472
479
487
492
488
483
473
461
446
428
416
402
390
380
370
365
362
358
360
360
363
367
369
374
376
380
386
389
394
395
400
401
400
402
405
409
412
411
413
412
411
409
407
408
405
404
404
401
403
404
416
435
464
512
572
650
738
828
917
979
979
980
980
980
979
979
979
933
866
798
734
677
625
584
552
527
506
485
466
452
439
433
427
427
429
432
439
445
453
461
468
475
479
480
477
471
463
451
443
433
422
409
398
389
382
373
370
367
367
368
368
369
373
376
384
387
394
398
402
405
403
406
406
409
410
409
410
409
409
410
407
410
410
410
410
406
407
406
407
409
408
409
408
406
407
406
412
419
434
462
501
556
632
718
814
902
978
979
979
980
980
979
979
979
979
921
852
782
714
653
604
565
535
509
493
479
470
464
462
462
462
465
473
478
486
492
501
510
514
519
519
516
512
501
493
482
469
457
442
430
416
406
402
394
391
389
389
392
390
392
396
399
406
407
411
414
415
418
418
420
419
419
420
418
418
418
420
420
418
419
419
417
416
413
412
414
413
413
413
414
415
413
416
416
418
421
426
438
460
492
541
603
680
761
839
910
965
979
979
980
980
980
941
885
822
760
699
645
597
558
529
505
487
474
471
470
471
472
474
477
479
483
489
496
502
509
513
517
517
517
518
512
506
497
487
474
460
447
438
426
413
404
399
396
396
396
398
401
405
405
406
410
410
414
420
424
428
428
430
429
429
429
430
433
433
433
433
429
427
424
423
423
422
421
421
420
420
417
421
421
422
422
420
422
422
426
437
454
484
519
571
636
709
786
858
922
970
979
979
980
979
941
890
831
769
711
657
607
563
529
506
488
475
469
467
468
470
471
476
485
492
502
510
516
523
529
541
546
549
545
538
530
514
500
484
469
461
448
437
428
419
413
408
408
406
407
407
406
405
407
409
416
416
421
422
424
427
426
430
431
433
435
432
431
430
428
431
426
423
422
421
424
423
424
427
429
427
425
422
423
425
426
432
441
458
484
522
577
644
722
808
888
956
979
979
979
979
980
979
943
880
806
734
668
608
553
512
480
453
443
435
435
436
442
450
458
469
483
495
509
518
529
544
554
562
560
558
549
536
524
505
489
470
455
443
429
418
408
404
402
395
396
395
396
397
397
400
402
405
410
412
417
421
424
433
438
444
446
447
449
447
447
448
447
448
445
447
444
440
437
436
435
434
429
426
421
419
420
427
444
468
508
563
633
717
804
889
964
979
979
980
980
979
979
978
906
833
757
681
610
545
492
453
425
407
398
395
400
403
414
428
443
463
482
501
518
534
550
562
572
575
571
563
549
533
514
495
477
456
442
429
416
408
397
392
391
390
391
391
393
396
396
401
401
406
410
412
416
416
418
423
424
429
430
432
433
431
428
429
430
431
427
428
427
427
427
427
429
432
440
457
481
517
569
641
722
805
890
964
980
979
980
980
979
980
980
904
825
741
659
585
518
463
420
390
372
360
357
362
372
387
402
425
447
469
492
512
531
549
560
566
567
563
553
541
526
506
488
468
450
434
419
408
402
392
388
385
384
384
383
386
390
393
398
400
403
404
406
413
415
417
414
414
416
415
418
423
428
432
431
431
430
428
424
423
427
435
451
478
513
566
631
711
796
876
947
980
980
980
979
980
954
892
819
740
664
587
517
461
414
381
358
343
338
335
342
354
368
388
403
424
445
464
482
499
516
529
536
541
538
532
522
507
493
476
457
444
428
415
404
398
396
390
387
385
384
385
382
386
387
391
395
397
399
399
400
403
406
410
411
413
417
418
421
422
424
427
428
433
441
454
478
511
558
617
684
757
825
884
929
960
970
960
934
892
839
778
711
645
583
521
468
423
391
367
350
343
341
347
359
373
393
411
434
460
483
508
526
544
559
563
565
560
551
541
522
504
482
462
444
431
423
412
405
396
391
389
386
390
392
393
397
402
405
409
411
417
421
424
427
428
430
432
431
434
434
438
444
452
473
496
533
586
647
718
790
861
918
958
979
979
975
946
898
843
778
712
644
581
528
478
438
410
387
376
370
371
376
386
401
417
435
457
476
500
517
536
551
559
565
563
557
551
534
518
500
479
462
442
429
419
410
404
396
392
389
388
388
388
394
398
401
407
411
415
418
422
426
428
430
433
437
447
459
482
514
559
619
687
764
839
903
958
979
979
980
980
948
893
831
763
695
630
569
516
472
434
409
393
386
384
382
388
396
407
422
436
457
476
496
514
527
539
546
553
555
547
537
523
506
487
463
447
433
421
411
400
393
386
383
383
382
387
390
392
396
398
403
407
412
416
418
421
424
429
444
464
498
542
601
671
747
826
896
952
979
979
979
980
959
909
846
781
715
648
588
532
490
451
425
409
400
394
394
396
402
408
418
434
448
466
483
499
516
524
533
538
537
534
521
508
491
472
458
441
430
417
406
396
386
381
375
373
375
376
378
383
387
391
393
401
406
409
415
416
419
423
434
456
485
531
589
658
737
813
885
944
979
980
980
979
949
897
837
773
709
647
586
533
489
454
433
418
410
403
403
403
402
410
416
427
443
456
474
488
502
513
519
523
523
519
513
501
488
468
453
441
424
408
395
386
381
373
369
371
373
377
378
382
385
388
393
397
404
407
410
413
415
420
427
444
470
504
553
616
688
765
839
906
957
979
980
980
963
921
865
807
743
681
622
568
525
485
455
437
421
409
403
400
400
400
405
416
427
444
458
475
491
504
513
520
524
523
519
510
494
477
457
444
430
414
403
391
381
375
368
367
366
368
369
373
379
385
389
398
402
407
410
413
417
417
420
428
439
460
489
532
589
658
735
815
888
946
979
980
980
979
943
893
835
774
712
654
597
550
508
478
456
439
428
418
411
406
402
404
408
416
429
442
456
473
489
505
515
525
526
523
517
500
481
463
447
434
416
401
387
378
372
368
367
366
368
373
375
379
384
389
395
398
404
407
412
417
418
423
426
429
430
433
444
457
481
522
574
643
721
802
879
943
979
979
979
980
980
950
897
834
769
707
649
599
553
522
493
469
453
439
428
419
413
411
408
410
413
424
439
453
471
485
497
506
507
510
505
498
488
472
456
436
419
405
390
381
372
369
366
363
363
368
374
379
383
389
393
397
402
404
409
412
414
416
417
420
418
418
421
419
419
417
416
416
419
432
455
485
532
597
676
761
846
924
979
979
980
980
979
979
979
917
851
784
718
658
608
563
528
500
477
460
443
430
420
412
408
405
409
413
423
439
451
464
477
492
501
505
505
499
490
477
462
448
434
419
407
392
386
377
370
369
367
367
369
372
376
379
386
394
399
404
408
412
419
420
422
424
427
428
427
426
424
420
419
417
416
415
414
412
409
409
410
413
424
439
467
508
564
635
718
810
893
967
980
980
979
980
979
980
968
906
837
767
704
639
586
542
508
480
457
443
432
421
416
411
410
409
412
418
424
432
441
451
464
471
478
482
479
475
465
459
446
431
418
404
394
384
375
369
364
363
364
364
366
366
368
375
379
384
388
392
397
396
398
400
403
406
406
406
406
406
406
406
408
407
407
409
406
405
402
402
404
401
402
402
402
402
400
405
406
408
410
411
418
429
449
484
528
592
670
756
846
927
979
979
979
979
979
980
980
980
919
846
771
703
638
582
535
498
469
452
439
430
424
422
420
420
419
426
433
440
450
459
468
476
479
486
487
485
481
470
459
446
432
423
410
401
389
382
378
371
369
370
371
376
376
381
382
384
388
391
396
398
402
405
407
409
409
413
416
416
417
416
417
415
413
416
415
413
416
412
412
411
412
413
413
415
416
416
418
414
412
414
415
418
424
440
463
496
543
604
680
763
846
925
980
979
979
979
979
979
979
978
906
835
762
697
636
580
535
496
467
449
433
427
423
423
427
428
433
439
446
460
468
480
488
496
502
500
500
496
489
482
469
459
446
432
422
411
403
397
391
389
383
380
379
380
382
382
386
390
394
398
398
402
407
410
411
413
415
414
415
421
420
421
422
421
422
418
420
420
420
421
420
420
422
418
421
420
423
422
419
421
420
420
422
424
432
443
463
489
524
576
639
714
793
868
936
979
979
979
979
979
979
944
886
817
749
680
616
562
516
482
454
436
427
417
414
416
421
426
432
441
450
459
470
480
490
499
504
508
506
504
499
493
486
474
465
453
440
428
416
410
404
396
395
392
391
392
390
394
397
401
405
406
409
410
412
417
417
418
419
422
425
424
425
427
429
433
431
433
431
430
430
428
429
428
428
428
427
427
426
429
430
428
429
431
434
440
451
474
506
547
603
666
739
810
873
929
967
980
979
972
943
893
840
779
718
656
598
547
505
468
441
426
420
417
415
419
423
429
439
447
458
468
481
493
502
508
511
515
518
514
511
503
494
484
470
463
451
441
433
423
416
410
404
404
402
404
403
405
408
407
409
412
415
419
420
424
425
426
430
431
435
438
437
439
438
438
438
437
439
437
438
436
434
433
431
436
436
435
437
436
436
436
434
440
450
466
490
520
567
620
681
749
813
873
917
948
959
951
928
891
846
794
734
677
618
563
517
478
451
430
416
410
404
405
409
419
431
442
456
470
484
497
506
519
526
533
538
535
531
524
513
502
488
473
462
451
441
430
425
423
422
419
417
419
418
415
415
416
420
424
424
427
427
430
432
435
439
441
442
445
444
443
443
446
449
446
446
445
445
447
444
445
446
447
450
446
447
447
450
463
479
505
539
589
647
708
775
838
891
933
955
960
946
918
877
827
772
709
648
590
538
494
459
436
425
414
411
413
417
426
434
447
462
476
491
503
514
525
532
540
542
543
540
531
523
507
494
482
466
457
445
435
426
419
415
413
413
416
414
418
418
419
423
423
428
430
433
438
438
440
439
443
446
445
448
448
447
448
445
448
447
448
448
447
449
446
446
451
451
453
453
459
474
490
517
561
612
673
737
800
856
897
925
936
931
910
871
823
766
708
648
591
543
500
466
443
426
416
410
412
420
427
438
449
463
477
489
503
513
523
531
536
537
532
528
520
508
501
489
476
469
457
451
443
437
434
427
427
425
423
424
425
426
429
431
435
436
437
439
441
442
441
442
443
443
444
442
446
447
449
450
449
450
449
448
450
448
446
447
446
446
448
452
468
490
522
564
619
678
736
795
844
880
901
903
891
864
826
779
726
673
618
568
521
480
450
428
416
411
407
410
413
421
433
442
458
472
486
499
507
514
518
521
524
521
519
513
505
495
482
471
462
454
448
438
433
429
425
420
418
418
420
421
424
425
428
431
435
439
441
443
445
447
448
448
451
454
453
453
452
453
452
449
450
450
452
452
450
451
451
455
465
479
504
533
576
624
672
723
770
808
831
838
833
813
783
746
702
655
609
564
526
489
460
439
428
422
417
419
421
429
438
448
463
478
494
510
520
531
541
544
550
546
541
533
523
511
495
483
471
461
455
447
443
440
435
434
434
437
438
438
440
440
442
445
445
447
448
451
452
452
455
454
458
461
462
463
463
461
461
457
458
457
462
471
483
503
529
568
619
669
723
767
805
834
845
846
834
812
780
740
698
654
609
569
535
507
483
462
451
442
439
440
441
449
457
469
481
491
502
512
525
535
543
547
546
542
532
522
512
498
486
476
463
456
448
442
442
440
439
437
438
440
437
439
439
441
444
444
447
448
450
453
455
459
460
461
464
461
462
459
460
464
465
477
492
513
546
584
635
686
738
785
818
843
851
849
834
807
774
735
693
654
613
577
549
523
504
485
475
467
463
463
464
469
476
481
488
495
504
513
523
532
537
541
541
533
525
514
506
496
485
472
459
454
447
440
438
437
437
438
435
437
435
437
440
442
446
447
450
455
454
456
457
459
461
460
463
462
463
470
482
504
532
575
626
679
734
781
822
854
869
871
860
836
805
766
730
689
650
615
583
557
535
517
507
495
488
481
476
475
474
476
481
487
496
504
516
523
526
527
529
529
526
519
511
499
486
473
461
455
446
440
436
431
428
425
427
432
432
433
433
436
440
437
441
443
445
449
449
452
452
452
457
461
467
480
499
529
567
617
670
726
780
824
859
881
886
880
860
834
798
757
715
673
636
603
573
551
529
513
498
484
471
463
462
464
464
470
474
483
491
498
507
513
518
521
520
516
509
500
493
483
474
463
454
446
435
429
423
419
418
413
415
415
415
420
423
428
430
433
439
440
442
442
444
446
444
448
451
459
475
498
533
581
636
697
754
809
852
883
902
902
891
866
833
793
750
709
671
638
610
583
561
541
521
504
488
476
465
458
454
453
456
461
471
483
495
508
517
521
523
520
517
510
500
490
477
466
454
441
434
425
420
416
411
412
409
410
413
413
418
420
423
429
430
434
438
442
446
445
447
446
445
447
451
463
479
506
547
597
659
724
791
850
894
927
940
935
917
886
848
806
763
722
681
648
617
592
575
558
542
526
507
492
475
468
465
464
469
474
484
496
506
516
526
536
541
538
535
525
511
498
481
466
453
443
435
427
421
414
414
417
415
415
416
418
422
420
425
428
432
436
437
439
440
440
444
445
446
446
448
446
445
450
463
487
525
574
640
712
786
858
919
966
980
980
979
974
941
898
852
807
759
717
681
649
623
599
580
561
540
520
499
482
467
458
458
458
464
475
485
497
507
514
525
529
531
525
519
510
492
477
463
451
440
427
421
410
402
399
397
399
400
402
406
407
411
413
419
424
428
431
433
435
437
435
440
439
439
439
436
434
431
427
427
425
426
430
439
459
488
534
601
679
766
849
925
979
979
980
980
979
979
979
928
874
821
770
726
690
657
630
604
579
558
533
514
496
477
465
457
456
458
461
472
482
493
504
509
514
513
509
504
493
483
469
457
442
425
413
404
396
391
386
383
381
380
381
382
386
389
391
396
398
401
403
406
411
412
414
416
416
416
413
414
415
412
412
411
410
409
405
408
408
410
410
408
407
406
409
419
434
462
505
566
645
733
830
918
980
979
979
980
979
980
980
979
979
911
848
789
730
681
637
606
579
552
530
508
489
468
452
443
435
430
429
431
438
446
455
468
474
480
481
480
477
469
461
449
436
426
412
400
390
381
376
374
375
376
377
378
378
380
383
387
392
393
398
402
401
404
403
407
410
409
410
410
410
408
403
405
404
402
403
401
400
400
400
406
406
410
409
410
412
408
407
406
406
407
410
418
434
459
502
559
637
725
818
906
977
979
980
980
979
980
979
980
973
907
836
773
714
662
621
581
551
526
504
487
471
462
453
447
444
441
445
451
457
466
474
482
487
488
489
486
481
475
464
453
439
426
415
404
396
387
382
377
374
374
372
376
382
382
385
388
391
395
396
403
405
410
413
413
414
413
413
415
413
413
412
411
411
408
406
406
408
408
405
408
405
405
404
404
406
407
407
410
410
408
409
413
422
434
458
492
540
609
689
782
873
954
979
979
979
980
979
979
980
980
962
891
823
751
689
635
590
555
524
501
482
461
449
442
438
439
437
442
446
452
462
469
479
487
493
495
494
491
484
478
472
461
448
434
422
409
397
388
381
377
375
372
373
374
376
382
385
392
395
401
404
404
406
409
411
413
414
415
417
416
415
416
420
418
416
415
413
412
413
412
412
411
410
412
408
408
406
410
413
412
414
413
415
419
424
439
463
502
557
625
709
797
888
975
980
979
979
979
980
980
980
980
979
907
827
750
680
616
564
521
489
463
447
440
431
427
427
432
440
447
457
468
478
489
495
501
508
509
511
503
495
483
469
455
441
428
414
402
393
383
378
377
374
373
372
373
377
375
383
385
389
394
398
402
404
407
409
415
420
421
423
425
422
421
418
417
420
415
415
415
416
415
412
414
414
415
416
414
415
413
413
415
415
416
421
433
453
484
529
595
675
765
852
935
980
980
980
980
979
979
979
980
906
826
745
669
600
541
493
456
430
414
404
402
405
408
415
424
436
450
460
476
490
502
513
516
520
517
515
512
501
490
475
461
449
432
416
406
400
393
386
385
381
379
380
379
381
380
383
389
391
394
396
401
407
410
412
415
416
419
416
419
418
417
418
418
417
417
416
420
417
418
417
416
416
415
415
417
417
418
416
418
422
427
443
470
509
561
625
703
783
863
932
979
979
979
979
979
968
912
841
771
699
629
567
511
466
435
410
400
393
396
398
403
414
425
439
458
473
489
502
514
523
528
532
533
532
528
516
506
491
474
457
443
432
422
411
406
398
395
394
392
395
394
395
397
399
399
400
407
412
415
419
421
423
425
423
426
426
427
430
428
431
428
426
429
429
429
429
430
431
429
429
428
428
430
427
427
430
437
454
478
516
567
631
705
777
850
910
958
979
979
979
951
906
847
780
714
645
582
527
477
443
415
394
390
383
385
393
403
419
433
451
473
494
513
530
546
560
566
568
566
561
551
536
521
502
482
464
450
439
428
420
413
406
399
397
398
400
399
403
403
405
409
411
416
418
421
426
427
427
426
427
430
428
429
429
428
431
429
430
430
431
434
434
436
435
434
434
434
435
436
446
464
488
532
588
659
733
806
870
920
955
971
964
944
906
854
795
729
662
598
537
491
450
423
405
393
390
388
394
403
415
428
439
456
471
483
496
508
519
525
527
529
524
518
508
495
484
468
457
448
435
426
416
412
411
407
405
403
403
403
401
405
407
411
415
416
420
420
420
426
429
434
437
438
440
435
434
434
435
437
436
439
440
436
435
434
436
439
443
457
474
497
535
587
644
705
769
829
872
904
912
910
892
856
811
756
698
641
582
534
489
453
429
411
401
394
394
402
409
421
432
447
465
476
491
503
515
527
532
537
536
530
522
512
502
488
475
461
447
439
430
425
420
414
413
411
409
408
406
410
411
413
419
421
427
429
431
439
436
438
440
441
440
438
438
442
442
443
443
443
442
440
443
446
455
472
497
535
582
638
699
760
815
858
888
902
897
878
843
802
754
701
647
594
547
505
468
446
430
421
416
412
414
419
427
439
451
465
480
493
509
517
528
535
540
540
534
528
517
503
489
475
463
453
443
436
427
421
415
413
416
415
417
419
418
422
421
424
428
429
431
432
434
437
437
441
441
444
445
445
447
444
443
446
446
451
459
477
502
534
580
635
696
757
809
854
882
897
898
881
851
812
765
717
665
613
564
527
495
468
452
440
433
431
429
434
438
446
456
468
481
492
501
516
523
529
533
536
534
527
518
508
493
482
466
458
447
436
431
425
421
419
416
416
414
415
416
417
423
424
427
433
434
436
437
441
445
445
447
448
447
448
445
450
457
472
494
521
564
612
668
730
785
834
869
892
897
884
859
824
782
735
684
638
591
550
514
491
472
458
451
445
442
442
445
451
457
464
473
482
491
500
506
515
520
521
520
514
508
499
488
480
468
461
450
439
433
424
417
417
414
414
412
412
415
415
417
420
423
428
426
428
430
435
438
441
445
448
451
459
470
490
516
557
609
660
717
772
821
858
877
886
878
857
824
781
736
684
636
596
559
529
503
482
467
456
449
446
445
445
446
450
454
459
467
474
483
491
496
501
502
501
500
497
492
483
476
466
455
445
433
427
421
416
412
407
407
406
406
410
413
417
420
420
423
423
426
431
431
434
434
438
441
444
455
474
503
539
584
639
696
750
800
835
859
865
858
840
807
770
728
686
645
605
570
541
515
494
474
463
456
451
448
443
443
442
444
454
460
470
478
486
493
496
501
502
498
495
487
481
472
460
451
442
435
428
421
415
409
406
404
404
407
408
411
415
417
419
420
423
428
429
432
432
434
435
437
447
462
484
514
556
610
664
722
779
822
853
869
872
858
830
795
753
711
670
625
586
551
522
499
481
468
460
451
446
439
435
432
432
439
442
449
457
465
472
476
481
484
482
483
479
476
468
457
450
440
431
426
419
415
408
405
405
405
407
407
409
414
414
418
420
425
428
427
430
429
429
429
431
433
439
452
468
492
527
571
625
679
729
773
806
827
832
822
805
778
744
705
664
625
590
560
537
517
501
487
475
466
457
451
448
447
449
450
455
460
463
471
478
487
492
495
497
494
489
483
476
470
459
450
441
431
424
416
413
411
407
407
407
409
411
409
414
417
421
425
427
429
429
433
438
437
440
438
438
440
437
443
456
474
501
533
579
628
681
733
778
815
836
845
842
823
795
762
724
686
646
610
578
553
532
510
494
482
469
463
455
451
447
446
452
457
465
474
483
492
497
503
507
507
507
500
495
487
476
467
457
448
439
430
426
420
415
413
411
413
412
413
416
417
421
421
428
432
432
436
437
439
441
438
441
440
443
446
447
455
465
483
515
556
608
664
724
782
827
864
885
891
885
862
833
791
746
700
657
619
584
552
530
507
492
479
466
465
460
455
452
451
452
455
463
474
482
492
500
506
511
509
509
505
500
490
478
468
454
443
437
429
424
417
415
413
409
407
408
410
413
414
417
419
421
426
426
430
432
434
437
438
437
437
439
442
438
438
441
447
461
482
520
568
627
695
759
824
877
920
947
956
948
924
888
841
788
734
686
641
599
565
538
517
499
484
471
465
458
450
445
442
442
446
453
463
471
481
490
494
498
496
497
494
486
477
466
456
445
431
421
411
405
401
394
394
391
391
395
395
399
402
403
408
407
411
415
418
421
422
425
424
426
427
427
428
428
426
426
425
425
427
433
445
463
492
533
591
658
732
811
881
940
979
979
979
979
965
924
870
810
750
693
643
599
565
540
518
503
486
475
465
455
450
443
442
441
438
440
441
446
452
458
468
470
472
475
470
466
459
452
446
437
429
421
413
405
397
395
391
390
389
389
393
395
397
405
408
412
415
416
420
419
420
420
421
424
422
423
424
421
423
423
426
429
429
429
427
427
427
425
426
424
425
427
428
433
443
465
497
544
607
679
760
842
912
969
979
979
979
979
979
924
869
810
748
690
634
592
555
523
500
482
468
462
455
452
447
446
447
449
457
462
468
477
484
491
495
500
502
499
496
489
481
471
458
450
442
431
423
415
410
403
399
400
397
399
401
402
404
405
409
415
418
422
424
428
430
429
428
426
428
428
426
428
427
426
425
426
427
429
430
431
430
431
430
431
432
432
433
431
432
434
435
446
461
489
528
584
655
739
826
912
978
979
979
979
979
979
979
979
936
869
796
727
661
602
554
515
486
463
451
443
438
437
439
444
453
457
465
474
483
491
498
507
513
516
517
513
506
497
486
477
466
455
445
433
423
411
402
398
395
394
392
394
397
396
400
402
407
413
416
420
422
425
428
428
433
432
432
434
431
428
425
428
432
431
433
432
431
430
428
429
429
430
431
430
430
429
428
431
432
438
447
464
493
531
588
660
740
828
906
974
980
980
979
979
979
980
948
884
811
738
669
605
552
506
471
447
430
420
415
416
421
423
431
439
449
458
466
479
489
498
507
510
515
511
506
503
494
488
476
467
455
440
429
419
411
403
398
395
394
392
392
394
398
402
405
409
410
414
416
420
423
424
425
427
429
431
429
432
433
434
435
434
436
433
430
430
428
428
428
426
428
427
427
431
431
432
433
438
450
466
495
537
595
665
740
817
884
941
978
979
979
979
960
914
856
788
719
654
594
539
492
454
428
413
401
399
399
402
408
414
425
436
449
464
477
491
501
509
518
519
519
519
515
507
496
487
475
463
452
440
431
424
415
410
405
400
398
399
403
404
406
410
411
415
415
419
422
423
428
428
429
431
432
437
439
440
441
439
440
436
434
434
433
435
433
433
434
432
432
431
433
438
441
452
470
497
538
592
659
731
804
868
921
959
977
979
967
932
885
828
765
701
636
580
526
481
448
421
404
393
388
391
394
403
411
423
438
450
465
480
493
505
514
521
524
523
521
518
514
503
490
478
462
452
441
430
423
415
410
407
402
401
400
